ladrunoBuild = 48c0e99bc8e28bbb4fdf965015f285f01e16e90d
======================================================================
ELASTIC SANITY (TanType=0)
======================================================================
analytic Ce:
       7198       378.8       378.8           0           0           0
      378.8        7198       378.8           0           0           0
      378.8       378.8        7198           0           0           0
          0           0           0        3410           0           0
          0           0           0           0        3410           0
          0           0           0           0           0        3410
FD:
       7198       378.8       378.8           0           0           0
      378.8        7198       378.8           0    2.22e-09           0
      378.8       378.8        7198           0    1.11e-09           0
          0           0           0        3410           0           0
          0           0           0   4.621e-10        3410   -2.31e-10
          0           0           0   4.621e-10           0        3410
elastic sanity max rel err = 2.220e-09
======================================================================
LOW p' plastic-loading probe (IntScheme=2 BackwardEuler_CPPM, TanType=1)
======================================================================
stress(wrapper)=[-153.41776825 -315.20722553 -149.0142535   -40.44736072    0.            0.        ]
p'=205.88 kPa  q=178.369  eta=q/p'=0.8664
dGamma=6.48271e-05 (>0 confirms an active, LOADING plastic state)
Analytic aCep AS-WRITTEN (buggy, double ToCovariant):
  9.365e+04   2.256e+04   -1.69e+04        9585   1.215e-11  -8.198e-13
  3.933e+04   9.046e+04   4.103e+04  -1.458e+04  -1.848e-11   1.247e-12
 -1.452e+04    2.16e+04   9.386e+04        9030   1.145e-11  -7.723e-13
  2.756e+04  -2.077e+04   2.897e+04   4.264e+04  -1.532e-11   1.033e-12
  3.753e-11  -2.829e-11   3.946e-11  -1.646e-11   5.472e+04   1.407e-27
 -2.034e-11   1.533e-11  -2.138e-11   8.918e-12   1.131e-26   5.472e+04
Analytic aCep FIXED (single ToCovariant):
  9.365e+04   2.256e+04   -1.69e+04        9585   1.215e-11  -8.198e-13
  3.933e+04   9.046e+04   4.103e+04  -1.458e+04  -1.848e-11   1.247e-12
 -1.452e+04    2.16e+04   9.386e+04        9030   1.145e-11  -7.723e-13
  1.378e+04  -1.038e+04   1.448e+04   4.868e+04  -7.659e-12   5.166e-13
  1.877e-11  -1.414e-11   1.973e-11  -8.228e-12   5.472e+04   7.037e-28
 -1.017e-11   7.665e-12  -1.069e-11   4.459e-12   5.653e-27   5.472e+04
normal rows (0-2) bit-identical buggy vs fixed: True
shear rows (3-5) differ buggy vs fixed: True
FD (h=1e-6):
  1.008e+05   1.537e+04       -4766        5687  -2.842e-08      -313.1
  2.518e+04   1.012e+05   2.634e+04       -8396  -2.842e-08       475.7
      -3659   1.504e+04   1.005e+05        5085   1.421e-08      -295.1
       7995       -5574        7775   5.079e+04   2.842e-08       196.9
  9.709e-12  -2.359e-08  -1.128e-08  -1.183e-08   5.467e+04       9.257
 -5.076e-12  -4.765e-11  -1.158e-08   1.164e-08       18.53   5.466e+04
rel err FD vs BUGGY:
    0.07649      0.3186       0.718      0.4067   2.843e-08       313.1
     0.3597      0.1187      0.3582       0.424    2.84e-08       475.7
      0.748      0.3039     0.07125      0.4368    1.42e-08       295.1
     0.7099      0.7316      0.7316      0.1912   2.844e-08       196.9
  2.782e-11   2.356e-08   1.131e-08   1.182e-08   0.0008836       9.257
  1.526e-11   6.298e-11   1.156e-08   1.163e-08       18.53    0.001117
rel err FD vs FIXED:
    0.07649      0.3186       0.718      0.4067   2.843e-08       313.1
     0.3597      0.1187      0.3582       0.424    2.84e-08       475.7
      0.748      0.3039     0.07125      0.4368    1.42e-08       295.1
     0.4197      0.4632      0.4633     0.04335   2.843e-08       196.9
  9.057e-12   2.357e-08    1.13e-08   1.182e-08   0.0008836       9.257
  5.094e-12   5.531e-11   1.157e-08   1.164e-08       18.53    0.001117
FD h-convergence for entry (3,3) [dSigma_xy/dEps_xy]:
  h= 1.0e-04  FD[3,3]=       37293  buggy=       42635  fixed=       48676
  h= 1.0e-05  FD[3,3]=       46331  buggy=       42635  fixed=       48676
  h= 1.0e-06  FD[3,3]=       50787  buggy=       42635  fixed=       48676
  h= 1.0e-07  FD[3,3]=       51269  buggy=       42635  fixed=       48676
  h= 1.0e-08  FD[3,3]=       51318  buggy=       42635  fixed=       48676
======================================================================
HIGH p' plastic-loading probe (IntScheme=2 BackwardEuler_CPPM, TanType=1)
======================================================================
stress(wrapper)=[-10007.82400708 -19947.70349022  -9698.32258654  -2483.09050736     -0.             -0.        ]
p'=13218 kPa  q=10975.9  eta=q/p'=0.8304
dGamma=0.000953312 (>0 confirms an active, LOADING plastic state)
Analytic aCep AS-WRITTEN (buggy, double ToCovariant):
  8.955e+05   7.238e+04   1.675e+04   1.343e+04   9.945e-11  -1.337e-11
  6.137e+05   4.815e+05   6.483e+05   -2.52e+05  -1.866e-09   2.509e-10
  2.397e+04   6.817e+04   8.993e+05   1.104e+04   8.173e-11  -1.099e-11
  2.973e+05  -2.337e+05   3.155e+05   3.058e+05  -9.819e-10    1.32e-10
  2.442e-09   -1.92e-09   2.592e-09   -1.09e-09   4.384e+05   1.085e-24
 -1.678e-09   1.319e-09  -1.781e-09   7.484e-10   5.541e-24   4.384e+05
Analytic aCep FIXED (single ToCovariant):
  8.955e+05   7.238e+04   1.675e+04   1.343e+04   9.945e-11  -1.337e-11
  6.137e+05   4.815e+05   6.483e+05   -2.52e+05  -1.866e-09   2.509e-10
  2.397e+04   6.817e+04   8.993e+05   1.104e+04   8.173e-11  -1.099e-11
  1.486e+05  -1.168e+05   1.578e+05   3.721e+05  -4.909e-10   6.601e-11
  1.221e-09  -9.598e-10   1.296e-09  -5.448e-10   4.384e+05   5.423e-25
 -8.388e-10   6.593e-10  -8.903e-10   3.742e-10    2.77e-24   4.384e+05
normal rows (0-2) bit-identical buggy vs fixed: True
shear rows (3-5) differ buggy vs fixed: True
FD (h=1e-6):
  9.045e+05   6.261e+04   3.347e+04        8033           0       58.97
  3.827e+05   6.635e+05   4.034e+05  -1.492e+05           0       -1107
  3.727e+04   6.046e+04   9.061e+05        6223           0       48.46
  8.803e+04  -6.843e+04    9.24e+04   3.986e+05           0      -291.1
  7.102e-10  -5.608e-10   7.618e-10   1.785e-09   4.384e+05       1.724
 -4.844e-10    3.81e-10  -5.133e-10  -5.875e-10       3.448   4.384e+05
rel err FD vs BUGGY:
    0.01013       0.135      0.9977       0.402   9.945e-11       58.97
     0.3765      0.3779      0.3778      0.4082   1.866e-09        1107
     0.5551       0.113    0.007595      0.4363   8.173e-11       48.46
     0.7039      0.7071      0.7071      0.3034   9.819e-10       291.1
  1.732e-09   1.359e-09    1.83e-09   2.874e-09   2.058e-05       1.724
  1.193e-09   9.375e-10   1.267e-09   1.336e-09       3.448   2.603e-05
rel err FD vs FIXED:
    0.01013       0.135      0.9977       0.402   9.945e-11       58.97
     0.3765      0.3779      0.3778      0.4082   1.866e-09        1107
     0.5551       0.113    0.007595      0.4363   8.173e-11       48.46
     0.4078      0.4143      0.4143     0.07115   4.909e-10       291.1
  5.109e-10   3.989e-10   5.342e-10   2.329e-09   2.058e-05       1.724
  3.544e-10   2.783e-10   3.769e-10   9.617e-10       3.448   2.603e-05
FD h-convergence for entry (3,3) [dSigma_xy/dEps_xy]:
  h= 1.0e-04  FD[3,3]=   3.384e+05  buggy=   3.058e+05  fixed=  3.7211e+05
  h= 1.0e-05  FD[3,3]=  3.9169e+05  buggy=   3.058e+05  fixed=  3.7211e+05
  h= 1.0e-06  FD[3,3]=  3.9859e+05  buggy=   3.058e+05  fixed=  3.7211e+05
  h= 1.0e-07  FD[3,3]=  3.9924e+05  buggy=   3.058e+05  fixed=  3.7211e+05
  h= 1.0e-08  FD[3,3]=  3.9892e+05  buggy=   3.058e+05  fixed=  3.7211e+05
