0.001 2.98387 0.650542 1.62228e-13 0 -3.63441 -100
0.002 2.26264 1.32775 2.93734e-13 0 -3.5904 -98.789
0.003 1.77119 1.80442 4.81661e-12 0 -3.5756 -98.3819
0.004 1.72853 1.87018 1.17548e-11 0 -3.59871 -99.0177
0.005 1.84262 1.78028 4.51954e-11 0 -3.6229 -99.6831
0.006 1.78882 1.82954 2.95865e-10 0 -3.61836 -99.5583
0.007 1.61061 1.98802 6.43792e-10 0 -3.59864 -99.0156
0.008 1.55749 2.03754 1.12879e-09 0 -3.59503 -98.9163
0.009 1.68 1.93112 6.0679e-09 0 -3.61112 -99.3591
0.01 1.77422 1.84745 1.9453e-08 0 -3.62167 -99.6494
0.011 1.70215 1.90987 2.96504e-08 0 -3.61202 -99.384
0.012 1.58412 2.01406 4.94003e-08 0 -3.59817 -99.0028
0.013 1.59805 2.00273 2.07653e-07 0 -3.60079 -99.0748
0.014 1.71312 1.90163 6.19518e-07 0 -3.61475 -99.459
0.015 1.75129 1.86735 1.01981e-06 0 -3.61864 -99.5662
0.016 1.66088 1.94651 1.22495e-06 0 -3.60739 -99.2565
0.017 1.5845 2.01412 3.02622e-06 0 -3.59862 -99.0153
0.018 1.63522 1.96998 1.02794e-05 0 -3.60521 -99.1966
0.019 1.73024 1.88622 2.30311e-05 0 -3.61649 -99.5069
0.02 1.72518 1.89017 3.26983e-05 0 -3.61539 -99.4765
0.021 1.63267 1.97146 3.72613e-05 0 -3.60417 -99.1679
0.022 1.59556 2.00445 7.45252e-05 0 -3.60009 -99.0556
0.023 1.66688 1.94179 0.000219232 0 -3.60889 -99.2977
0.024 1.7342 1.88195 0.000492085 0 -3.61665 -99.5112
0.025 1.69574 1.91495 0.000763189 0 -3.61145 -99.3682
0.026 1.61386 1.98661 0.000874564 0 -3.60135 -99.0904
0.027 1.61567 1.98499 0.00105308 0 -3.60171 -99.1003
0.028 1.69702 1.91232 0.00218667 0 -3.61153 -99.3703
0.029 1.72819 1.88088 0.00527699 0 -3.61435 -99.448
0.03 1.65126 1.94107 0.0101098 0 -3.60244 -99.1204
0.031 1.57298 2.00112 0.0145987 0 -3.5887 -98.7423
0.032 1.61423 1.95843 0.0166013 0 -3.58926 -98.7577
0.033 1.73346 1.85004 0.0177942 0 -3.60129 -99.0887
0.034 1.7729 1.80641 0.0258083 0 -3.60511 -99.1939
0.035 1.65712 1.87779 0.0503665 0 -3.58528 -98.648
0.036 1.47715 1.97212 0.0941883 0 -3.54346 -97.4974
0.037 1.3761 1.97109 0.14643 0 -3.49362 -96.1261
0.038 1.41093 1.85405 0.187518 0 -3.45249 -94.9946
0.039 1.53999 1.68816 0.205385 0 -3.43354 -94.4731
0.04 1.68136 1.54524 0.210862 0 -3.43746 -94.5809
0.041 1.73869 1.4649 0.23692 0 -3.44051 -94.665
0.042 1.62231 1.45925 0.318451 0 -3.40001 -93.5505
0.043 1.32426 1.49434 0.466861 0 -3.28546 -90.3987
0.044 0.967778 1.48071 0.659945 0 -3.10843 -85.5278
0.045 0.711631 1.34888 0.855202 0 -2.91571 -80.2251
0.046 0.584927 1.15058 1.01514 0 -2.75065 -75.6835
0.047 0.474175 1.02723 1.12473 0 -2.62614 -72.2576
0.048 0.303906 1.04038 1.19081 0 -2.5351 -69.7526
0.049 0.163932 1.08053 1.22973 0 -2.47419 -68.0768
0.05 0.184998 1.00317 1.25626 0 -2.44443 -67.2578
0.051 0.32715 0.826223 1.28011 0 -2.43348 -66.9566
0.052 0.398386 0.710305 1.30673 0 -2.41542 -66.4598
0.053 0.304412 0.734726 1.33747 0 -2.37661 -65.3918
0.054 0.180784 0.782643 1.36888 0 -2.3323 -64.1728
0.055 0.204451 0.707735 1.39475 0 -2.30693 -63.4747
0.056 0.341491 0.550087 1.41084 0 -2.30241 -63.3504
0.057 0.394325 0.485886 1.41803 0 -2.29824 -63.2357
0.058 0.287115 0.574599 1.42076 0 -2.28247 -62.8016
0.059 0.177944 0.667639 1.42264 0 -2.26822 -62.4096
0.06 0.230676 0.616942 1.42441 0 -2.27203 -62.5145
0.061 0.37506 0.486096 1.4255 0 -2.28665 -62.9167
0.062 0.40607 0.457073 1.42629 0 -2.28944 -62.9933
0.063 0.280799 0.565715 1.42806 0 -2.27457 -62.5843
0.064 0.180672 0.649814 1.43101 0 -2.2615 -62.2247
0.065 0.248009 0.584811 1.43383 0 -2.26665 -62.3665
0.066 0.38171 0.462786 1.43528 0 -2.27978 -62.7275
0.067 0.388631 0.455169 1.43574 0 -2.27954 -62.721
0.068 0.264745 0.56381 1.43653 0 -2.26509 -62.3234
0.069 0.193334 0.62535 1.43812 0 -2.2568 -62.0954
0.07 0.269681 0.5562 1.43964 0 -2.26552 -62.3353
0.071 0.365141 0.47096 1.4403 0 -2.2764 -62.6346
0.072 0.330203 0.500859 1.44049 0 -2.27155 -62.5011
0.073 0.226179 0.590052 1.44115 0 -2.25738 -62.1113
0.074 0.23145 0.58139 1.44244 0 -2.25528 -62.0536
0.075 0.359369 0.466089 1.44358 0 -2.26904 -62.432
0.076 0.417679 0.416195 1.44401 0 -2.27789 -62.6755
0.077 0.287711 0.534779 1.44418 0 -2.26667 -62.367
0.078 0.118498 0.685762 1.44483 0 -2.24909 -61.8833
0.079 0.137343 0.665817 1.44594 0 -2.2491 -61.8835
0.08 0.333112 0.486721 1.44681 0 -2.26664 -62.3661
0.081 0.463624 0.366599 1.44709 0 -2.27731 -62.6597
0.082 0.382033 0.437433 1.44724 0 -2.26671 -62.368
0.083 0.224795 0.57754 1.44783 0 -2.25017 -61.9129
0.084 0.205758 0.595678 1.44874 0 -2.25017 -61.913
0.085 0.319692 0.495612 1.44938 0 -2.26468 -62.3122
0.086 0.371242 0.450713 1.44956 0 -2.27152 -62.5003
0.087 0.267364 0.543769 1.44972 0 -2.26085 -62.2067
0.088 0.145164 0.652867 1.45024 0 -2.24827 -61.8607
0.089 0.166058 0.634015 1.45096 0 -2.25103 -61.9367
0.09 0.289723 0.52239 1.45142 0 -2.26354 -62.2807
0.091 0.347991 0.467528 1.45154 0 -2.26706 -62.3777
0.092 0.290163 0.515611 1.45166 0 -2.25743 -62.1127
0.093 0.238136 0.559514 1.452 0 -2.24965 -61.8987
0.094 0.291015 0.511188 1.45242 0 -2.25462 -62.0355
0.095 0.382742 0.428321 1.45265 0 -2.26371 -62.2855
0.096 0.393163 0.417199 1.4527 0 -2.26306 -62.2675
0.097 0.327689 0.473934 1.45276 0 -2.25438 -62.0288
0.098 0.296388 0.501887 1.45288 0 -2.25116 -61.94
0.099 0.341126 0.463504 1.45296 0 -2.25759 -62.117
0.1 0.380713 0.429265 1.45298 0 -2.26296 -62.2648
0.101 0.346627 0.459221 1.45307 0 -2.25892 -62.1537
0.102 0.288848 0.510132 1.45322 0 -2.2522 -61.9688
0.103 0.290908 0.509301 1.45329 0 -2.2535 -62.0046
0.104 0.335984 0.47111 1.45341 0 -2.2605 -62.1972
0.105 0.336623 0.470854 1.45405 0 -2.26152 -62.2253
0.106 0.278083 0.520389 1.45543 0 -2.25391 -62.0157
0.107 0.245857 0.545637 1.45696 0 -2.24845 -61.8657
0.108 0.290897 0.504295 1.45774 0 -2.25293 -61.9888
0.109 0.343358 0.458504 1.45803 0 -2.25989 -62.1804
0.11 0.314263 0.483518 1.45966 0 -2.25744 -62.1129
0.111 0.232866 0.549355 1.46431 0 -2.24653 -61.8128
0.112 0.207652 0.560046 1.47127 0 -2.23897 -61.6046
0.113 0.266733 0.495735 1.47744 0 -2.23991 -61.6307
0.114 0.318401 0.442976 1.48036 0 -2.24173 -61.6808
0.115 0.289659 0.466456 1.48111 0 -2.23722 -61.5567
0.116 0.230076 0.516298 1.48388 0 -2.23026 -61.3651
0.117 0.225564 0.509673 1.49204 0 -2.22728 -61.2831
0.118 0.261801 0.458153 1.50462 0 -2.22457 -61.2086
0.119 0.252651 0.444009 1.51693 0 -2.21359 -60.9064
0.12 0.187346 0.485031 1.52462 0 -2.197 -60.4498
0.121 0.158969 0.502596 1.52722 0 -2.18879 -60.224
0.122 0.219621 0.447319 1.52795 0 -2.19489 -60.3918
0.123 0.286171 0.385984 1.53039 0 -2.20255 -60.6026
0.124 0.255218 0.405712 1.5357 0 -2.19663 -60.4397
0.125 0.16261 0.475824 1.54234 0 -2.18077 -60.0034
0.126 0.13887 0.485352 1.54807 0 -2.1723 -59.7702
0.127 0.21445 0.411055 1.55178 0 -2.17728 -59.9074
0.128 0.267001 0.361512 1.55367 0 -2.18218 -60.0423
0.129 0.201545 0.418544 1.55455 0 -2.17463 -59.8346
0.13 0.100341 0.50716 1.55504 0 -2.16254 -59.5018
0.131 0.110267 0.496743 1.55549 0 -2.1625 -59.5007
0.132 0.224165 0.394115 1.55605 0 -2.17433 -59.8262
0.133 0.282356 0.341089 1.5567 0 -2.18014 -59.9861
0.134 0.202929 0.410235 1.55722 0 -2.17038 -59.7176
0.135 0.105171 0.495902 1.55745 0 -2.15852 -59.3912
0.136 0.137922 0.466184 1.5576 0 -2.1617 -59.4788
0.137 0.259171 0.357596 1.55838 0 -2.17514 -59.8486
0.138 0.292645 0.324828 1.56068 0 -2.17815 -59.9312
0.139 0.183822 0.414818 1.56497 0 -2.16361 -59.5314
0.14 0.0813201 0.495735 1.57099 0 -2.14805 -59.1031
0.141 0.121903 0.447717 1.57781 0 -2.14743 -59.086
0.142 0.23229 0.337741 1.58434 0 -2.15437 -59.277
0.143 0.237762 0.322376 1.58985 0 -2.14998 -59.1563
0.144 0.117974 0.420467 1.59412 0 -2.13256 -58.6769
0.145 0.0354296 0.487728 1.59739 0 -2.12054 -58.3463
0.146 0.0974599 0.427952 1.60008 0 -2.12549 -58.4824
0.147 0.202486 0.32992 1.60264 0 -2.13504 -58.7453
0.148 0.192958 0.332586 1.60546 0 -2.131 -58.634
0.149 0.0850537 0.421698 1.60878 0 -2.11553 -58.2084
0.15 0.0378175 0.456693 1.61262 0 -2.10713 -57.9771
0.151 0.114219 0.382026 1.61663 0 -2.11287 -58.1352
0.152 0.191289 0.306972 1.62025 0 -2.11851 -58.2903
0.153 0.148457 0.339067 1.62296 0 -2.11049 -58.0696
0.154 0.0487688 0.423267 1.62461 0 -2.09665 -57.6888
0.155 0.0431291 0.426052 1.62542 0 -2.0946 -57.6325
0.156 0.143409 0.336253 1.62578 0 -2.10544 -57.9307
0.157 0.203689 0.28234 1.62597 0 -2.112 -58.1111
0.158 0.136196 0.341779 1.62613 0 -2.1041 -57.8939
0.159 0.0401007 0.426687 1.62638 0 -2.09317 -57.5932
0.16 0.0540128 0.413868 1.62691 0 -2.09479 -57.6376
0.161 0.153387 0.324436 1.62776 0 -2.10559 -57.9347
0.162 0.191094 0.288795 1.62875 0 -2.10863 -58.0186
0.163 0.115666 0.353604 1.6295 0 -2.09877 -57.7472
0.164 0.0427082 0.417434 1.62984 0 -2.08999 -57.5055
0.165 0.0796522 0.384822 1.62995 0 -2.09442 -57.6276
0.166 0.168977 0.305536 1.63012 0 -2.10463 -57.9085
0.167 0.178891 0.295838 1.63044 0 -2.10517 -57.9233
0.168 0.0988995 0.365885 1.63072 0 -2.09551 -57.6573
0.169 0.0490975 0.410203 1.63082 0 -2.09012 -57.5092
0.17 0.0978524 0.36772 1.63091 0 -2.09648 -57.6841
0.171 0.164946 0.308056 1.63127 0 -2.10427 -57.8986
0.172 0.148788 0.320737 1.63194 0 -2.10147 -57.8214
0.173 0.0783496 0.38134 1.63259 0 -2.09228 -57.5686
0.174 0.0627763 0.394552 1.63292 0 -2.09025 -57.5126
0.175 0.123499 0.341124 1.633 0 -2.09762 -57.7155
0.176 0.166008 0.303295 1.63317 0 -2.10248 -57.8492
0.177 0.127953 0.335643 1.63363 0 -2.09723 -57.7048
0.178 0.0723918 0.383339 1.63419 0 -2.08992 -57.5037
0.179 0.0861691 0.370735 1.63455 0 -2.09146 -57.5459
0.18 0.144927 0.319237 1.63466 0 -2.09882 -57.7485
0.181 0.153477 0.311898 1.6347 0 -2.10007 -57.7831
0.182 0.0960921 0.36206 1.63486 0 -2.09301 -57.5887
0.183 0.0617333 0.391696 1.6351 0 -2.08853 -57.4654
0.184 0.104648 0.353664 1.63529 0 -2.09361 -57.6051
0.185 0.157489 0.307398 1.63538 0 -2.10027 -57.7884
0.186 0.134386 0.328041 1.6354 0 -2.09783 -57.7213
0.187 0.0665604 0.387643 1.63541 0 -2.08961 -57.4953
0.188 0.0585911 0.394173 1.63542 0 -2.08819 -57.456
0.189 0.127777 0.332808 1.63547 0 -2.09605 -57.6724
0.19 0.172973 0.292888 1.63553 0 -2.10139 -57.8192
0.191 0.125765 0.334572 1.63556 0 -2.0959 -57.6681
0.192 0.0564373 0.395622 1.6356 0 -2.08766 -57.4415
0.193 0.0704104 0.382771 1.63589 0 -2.08907 -57.4802
0.194 0.14835 0.312734 1.63669 0 -2.09777 -57.7197
0.195 0.173156 0.288779 1.63791 0 -2.09984 -57.7767
0.196 0.106622 0.345327 1.63899 0 -2.09093 -57.5316
0.197 0.0491162 0.394834 1.63945 0 -2.0834 -57.3243
0.198 0.0888699 0.35949 1.63962 0 -2.08798 -57.4503
0.199 0.166634 0.290121 1.64045 0 -2.09721 -57.7041
0.2 0.162598 0.290879 1.64251 0 -2.09599 -57.6706
0.201 0.07786 0.361084 1.64519 0 -2.08413 -57.3444
0.202 0.0360551 0.393847 1.64721 0 -2.07711 -57.1512
0.203 0.0986923 0.336741 1.64797 0 -2.08341 -57.3245
0.204 0.170707 0.273107 1.64818 0 -2.092 -57.5608
0.205 0.141314 0.2985 1.64892 0 -2.08873 -57.4709
0.206 0.0513762 0.375632 1.65039 0 -2.0774 -57.1591
0.207 0.0345023 0.387663 1.65181 0 -2.07398 -57.0651
0.208 0.116769 0.313403 1.65249 0 -2.08267 -57.3041
0.209 0.175039 0.261846 1.65263 0 -2.08952 -57.4926
0.21 0.119601 0.310896 1.65289 0 -2.08339 -57.3239
0.211 0.0298554 0.389514 1.65342 0 -2.07279 -57.0323
0.212 0.0381948 0.381298 1.65381 0 -2.0733 -57.0465
0.213 0.13261 0.297599 1.65393 0 -2.08414 -57.3445
0.214 0.172651 0.261932 1.65432 0 -2.0889 -57.4756
0.215 0.0973579 0.326894 1.65553 0 -2.07978 -57.2248
0.216 0.0166517 0.395327 1.65724 0 -2.06922 -56.934
0.217 0.049166 0.36399 1.65848 0 -2.07164 -57.0006
0.218 0.146385 0.277039 1.65887 0 -2.0823 -57.2939
0.219 0.16415 0.261116 1.65917 0 -2.08443 -57.3527
0.22 0.0756066 0.338004 1.66037 0 -2.07398 -57.0651
0.221 0.0100961 0.39265 1.66249 0 -2.06524 -56.8246
0.222 0.0614258 0.343512 1.66452 0 -2.06945 -56.9405
0.223 0.150464 0.262388 1.66558 0 -2.07843 -57.1875
0.224 0.144204 0.267228 1.66583 0 -2.07726 -57.1552
0.225 0.0523454 0.348414 1.66598 0 -2.06674 -56.8659
0.226 0.0103172 0.38532 1.66636 0 -2.062 -56.7355
0.227 0.0774422 0.325556 1.66669 0 -2.06969 -56.947
0.228 0.151477 0.259806 1.66679 0 -2.07807 -57.1776
0.229 0.123245 0.284282 1.66702 0 -2.07454 -57.0806
0.23 0.0377063 0.358716 1.66778 0 -2.0642 -56.7961
0.231 0.0231696 0.369861 1.66887 0 -2.0619 -56.7327
0.232 0.0989272 0.301522 1.66964 0 -2.07009 -56.958
0.233 0.149431 0.256312 1.66987 0 -2.07562 -57.1101
0.234 0.0994688 0.300124 1.67009 0 -2.06968 -56.9469
0.235 0.0251935 0.364645 1.67093 0 -2.06077 -56.7015
0.236 0.0370964 0.351993 1.67233 0 -2.06142 -56.7196
0.237 0.114364 0.281367 1.67364 0 -2.06937 -56.9382
0.238 0.138889 0.258109 1.67432 0 -2.07132 -56.992
0.239 0.0739927 0.314879 1.67449 0 -2.06337 -56.773
0.24 0.0176893 0.364643 1.67454 0 -2.05688 -56.5945
0.241 0.0532464 0.333366 1.67463 0 -2.06124 -56.7147
0.242 0.124739 0.270266 1.67468 0 -2.06969 -56.9469
0.243 0.123589 0.271096 1.67478 0 -2.06947 -56.941
0.244 0.0523272 0.333254 1.6753 0 -2.06088 -56.7047
0.245 0.0184125 0.361522 1.67644 0 -2.05637 -56.5807
0.246 0.0706359 0.313012 1.67792 0 -2.06157 -56.7235
0.247 0.127009 0.260857 1.67916 0 -2.06702 -56.8736
0.248 0.101021 0.282177 1.67982 0 -2.06302 -56.7635
0.249 0.0324731 0.342045 1.68003 0 -2.05455 -56.5305
0.25 0.0252525 0.348416 1.68008 0 -2.05375 -56.5085
0.251 0.088992 0.2923 1.68012 0 -2.06142 -56.7194
0.252 0.12566 0.259925 1.68015 0 -2.06574 -56.8382
0.253 0.0796703 0.300288 1.6802 0 -2.06016 -56.6848
0.254 0.0219031 0.350893 1.68038 0 -2.05317 -56.4926
0.255 0.0405535 0.333991 1.6807 0 -2.05525 -56.5496
0.256 0.106425 0.275404 1.68105 0 -2.06288 -56.7596
0.257 0.118149 0.264612 1.68127 0 -2.06403 -56.7914
0.258 0.0576178 0.317636 1.68136 0 -2.05661 -56.5872
0.259 0.0178657 0.352489 1.68138 0 -2.05173 -56.453
0.26 0.0605603 0.314844 1.68139 0 -2.0568 -56.5923
0.261 0.120864 0.261806 1.68141 0 -2.06408 -56.7926
0.262 0.105869 0.275049 1.68146 0 -2.06238 -56.7459
0.263 0.0372602 0.335229 1.68161 0 -2.0541 -56.518
0.264 0.0197533 0.350124 1.68182 0 -2.0517 -56.4521
0.265 0.0814661 0.295338 1.682 0 -2.0588 -56.6475
0.266 0.12917 0.253295 1.68206 0 -2.06453 -56.8049
0.267 0.0888669 0.288969 1.6821 0 -2.05994 -56.6787
0.268 0.0196506 0.349794 1.68225 0 -2.0517 -56.452
0.269 0.0262861 0.343337 1.68252 0 -2.05214 -56.4643
0.27 0.100341 0.277484 1.68275 0 -2.06058 -56.6963
0.271 0.130738 0.25056 1.68284 0 -2.06414 -56.7943
0.272 0.070571 0.303729 1.68288 0 -2.05718 -56.6028
0.273 0.00930264 0.35756 1.68305 0 -2.04991 -56.4029
0.274 0.0393994 0.330315 1.68341 0 -2.05313 -56.4914
0.275 0.116496 0.261512 1.68381 0 -2.06182 -56.7305
0.276 0.12459 0.25394 1.68406 0 -2.06259 -56.7516
0.277 0.0502813 0.319444 1.68413 0 -2.05386 -56.5114
0.278 0.00420533 0.360075 1.68416 0 -2.04844 -56.3624
0.279 0.0557118 0.314418 1.68425 0 -2.05438 -56.5258
0.28 0.128098 0.250264 1.68439 0 -2.06275 -56.7562
0.281 0.112682 0.263723 1.6845 0 -2.06091 -56.7053
0.282 0.031821 0.335076 1.68454 0 -2.05144 -56.4449
0.283 0.00617909 0.357695 1.68455 0 -2.04843 -56.362
0.284 0.0742463 0.297544 1.68456 0 -2.05635 -56.58
0.285 0.134294 0.244489 1.68457 0 -2.06336 -56.7728
0.286 0.0963366 0.278025 1.68458 0 -2.05894 -56.6514
0.287 0.0169426 0.348166 1.68458 0 -2.04969 -56.3968
0.288 0.0148313 0.350012 1.68459 0 -2.04943 -56.3897
0.289 0.0933063 0.280639 1.6846 0 -2.05855 -56.6405
0.29 0.13527 0.243516 1.68461 0 -2.0634 -56.774
0.291 0.0782894 0.293833 1.68462 0 -2.05674 -56.5907
0.292 0.00775314 0.356163 1.68462 0 -2.04854 -56.365
0.293 0.0289989 0.33741 1.68463 0 -2.05103 -56.4337
0.294 0.110024 0.265794 1.68464 0 -2.06045 -56.6929
0.295 0.129807 0.248239 1.68465 0 -2.0627 -56.7547
0.296 0.0592472 0.310527 1.68467 0 -2.05445 -56.5276
0.297 0.00399857 0.359347 1.68469 0 -2.04804 -56.3513
0.298 0.0461228 0.322132 1.68472 0 -2.05298 -56.4872
0.299 0.122073 0.254938 1.68475 0 -2.06177 -56.729
0.3 0.118637 0.257832 1.68478 0 -2.06125 -56.7147
0.301 0.0419179 0.325572 1.68479 0 -2.05227 -56.4679
0.302 0.006839 0.356657 1.68479 0 -2.04829 -56.3582
0.303 0.0647749 0.305516 1.68484 0 -2.05513 -56.5464
0.304 0.128031 0.249438 1.68493 0 -2.0624 -56.7464
0.305 0.102443 0.271703 1.68504 0 -2.05919 -56.6581
0.306 0.0276351 0.337607 1.68512 0 -2.05036 -56.4151
0.307 0.0157289 0.348215 1.68514 0 -2.04908 -56.38
0.308 0.0829852 0.288931 1.68515 0 -2.05707 -56.5997
0.309 0.127299 0.249683 1.68519 0 -2.06217 -56.7402
0.31 0.0828393 0.288702 1.68524 0 -2.05679 -56.592
0.311 0.0178181 0.34604 1.68527 0 -2.04913 -56.3813
0.312 0.0300132 0.335398 1.68528 0 -2.05069 -56.4244
0.313 0.099697 0.27389 1.68536 0 -2.05894 -56.6513
0.314 0.121143 0.254649 1.68551 0 -2.0613 -56.7161
0.315 0.0627891 0.305753 1.68565 0 -2.05419 -56.5207
0.316 0.0136167 0.349023 1.68571 0 -2.04835 -56.3599
0.317 0.0475066 0.319218 1.68574 0 -2.05247 -56.4732
0.318 0.112064 0.262141 1.6859 0 -2.0601 -56.6833
0.319 0.109138 0.264141 1.68623 0 -2.05951 -56.6669
0.32 0.0435364 0.321275 1.68659 0 -2.0514 -56.4437
0.321 0.0148023 0.346221 1.68678 0 -2.04781 -56.3449
0.322 0.0658762 0.301169 1.68683 0 -2.05387 -56.5119
0.323 0.118544 0.254699 1.6869 0 -2.06015 -56.6845
0.324 0.0926828 0.277173 1.68711 0 -2.05696 -56.5968
0.325 0.0276963 0.334036 1.68732 0 -2.04905 -56.3793
0.326 0.0222373 0.338661 1.68742 0 -2.04831 -56.3589
0.327 0.0843207 0.283944 1.68746 0 -2.05572 -56.5628
0.328 0.119331 0.252861 1.68767 0 -2.05986 -56.6766
0.329 0.0737845 0.292319 1.6881 0 -2.0542 -56.5209
0.33 0.0165507 0.341943 1.68853 0 -2.04702 -56.3233
0.331 0.0343367 0.325821 1.68873 0 -2.04889 -56.3746
0.332 0.100014 0.267887 1.68878 0 -2.05668 -56.5892
0.333 0.11359 0.255744 1.68899 0 -2.05832 -56.6343
0.334 0.0538911 0.307645 1.68947 0 -2.05101 -56.433
0.335 0.0109681 0.344478 1.69001 0 -2.04545 -56.2802
0.336 0.0497297 0.309643 1.69031 0 -2.04968 -56.3966
0.337 0.111263 0.255273 1.69038 0 -2.05692 -56.5957
0.338 0.101759 0.263655 1.69046 0 -2.05588 -56.567
0.339 0.0348632 0.322343 1.69068 0 -2.04788 -56.347
0.34 0.0116341 0.342367 1.6909 0 -2.0449 -56.2649
0.341 0.0676231 0.292772 1.69099 0 -2.05138 -56.4433
0.342 0.118333 0.248071 1.69104 0 -2.05744 -56.61
0.343 0.0864548 0.275989 1.69126 0 -2.0537 -56.5072
0.344 0.0192123 0.334618 1.69169 0 -2.04552 -56.2819
0.345 0.0178649 0.334986 1.69208 0 -2.04493 -56.2659
0.346 0.084785 0.275512 1.69227 0 -2.05257 -56.4759
0.347 0.119032 0.245283 1.69231 0 -2.05662 -56.5876
0.348 0.0682153 0.290122 1.69238 0 -2.05072 -56.4251
0.349 0.00812722 0.34293 1.69252 0 -2.04357 -56.2285
0.35 0.0292734 0.324043 1.6926 0 -2.04592 -56.293
0.351 0.100349 0.261265 1.69263 0 -2.05424 -56.5221
0.352 0.114535 0.248633 1.69278 0 -2.05595 -56.5689
0.353 0.0499169 0.30516 1.69315 0 -2.04822 -56.3564
0.354 0.00293796 0.345839 1.69358 0 -2.04236 -56.1951
0.355 0.0439284 0.309081 1.69384 0 -2.04685 -56.3186
0.356 0.111346 0.249422 1.69391 0 -2.05467 -56.5339
0.357 0.103847 0.255984 1.69401 0 -2.05384 -56.5109
0.358 0.0323281 0.318755 1.69429 0 -2.04537 -56.2779
0.359 0.0037028 0.343463 1.69461 0 -2.04177 -56.1789
0.36 0.0606115 0.292872 1.69477 0 -2.04825 -56.3571
0.361 0.117524 0.24256 1.69481 0 -2.0549 -56.54
0.362 0.0890229 0.267528 1.695 0 -2.05155 -56.4479
0.363 0.0177215 0.329859 1.69542 0 -2.043 -56.2127
0.364 0.0101106 0.3358 1.69586 0 -2.04177 -56.1788
0.365 0.0769444 0.276333 1.69607 0 -2.04935 -56.3874
0.366 0.117568 0.240364 1.69612 0 -2.05405 -56.5168
0.367 0.0710971 0.281234 1.69627 0 -2.0486 -56.3668
0.368 0.00732166 0.337078 1.69659 0 -2.04099 -56.1574
0.369 0.021499 0.324038 1.69689 0 -2.04243 -56.1971
0.37 0.09164 0.261866 1.69701 0 -2.05052 -56.4195
0.371 0.112193 0.243642 1.69707 0 -2.0529 -56.4851
0.372 0.0525868 0.295945 1.69731 0 -2.04585 -56.291
0.373 0.00240102 0.339579 1.69775 0 -2.03973 -56.1227
0.374 0.0363347 0.308971 1.69811 0 -2.04342 -56.2242
0.375 0.102526 0.25025 1.69824 0 -2.05102 -56.4333
0.376 0.101303 0.251238 1.69831 0 -2.05085 -56.4286
0.377 0.0348533 0.309559 1.69857 0 -2.04298 -56.2122
0.378 0.00300399 0.336996 1.69902 0 -2.03902 -56.1031
0.379 0.0527576 0.292432 1.69938 0 -2.04457 -56.2558
0.38 0.108393 0.243031 1.6995 0 -2.05093 -56.4307
0.381 0.0861787 0.262541 1.69956 0 -2.04828 -56.3579
0.382 0.0199839 0.320677 1.69979 0 -2.04045 -56.1425
0.383 0.00928316 0.329567 1.70017 0 -2.03902 -56.103
0.384 0.0692371 0.276145 1.70045 0 -2.04583 -56.2906
0.385 0.108805 0.241001 1.70054 0 -2.05034 -56.4147
0.386 0.0685473 0.276427 1.7006 0 -2.04557 -56.2834
0.387 0.0096101 0.328158 1.70081 0 -2.03858 -56.0911
0.388 0.0206102 0.317987 1.70113 0 -2.03972 -56.1225
0.389 0.0840713 0.261616 1.70133 0 -2.04702 -56.3233
0.39 0.103707 0.24415 1.70139 0 -2.04924 -56.3844
0.391 0.0501186 0.291315 1.70147 0 -2.0429 -56.2099
0.392 0.00453531 0.331183 1.70172 0 -2.03744 -56.0597
0.393 0.0354635 0.303376 1.70205 0 -2.04089 -56.1547
0.394 0.0954222 0.250088 1.70226 0 -2.04777 -56.3439
0.395 0.0933932 0.251741 1.70231 0 -2.04744 -56.335
0.396 0.032572 0.305305 1.70238 0 -2.04025 -56.1371
0.397 0.00506027 0.329297 1.70258 0 -2.03694 -56.0459
0.398 0.0522077 0.287303 1.70283 0 -2.04234 -56.1946
0.399 0.102234 0.242887 1.70298 0 -2.04811 -56.3531
0.4 0.0791728 0.263141 1.70302 0 -2.04533 -56.2769
0.401 0.0178817 0.317137 1.70307 0 -2.03809 -56.0776
0.402 0.0111215 0.322898 1.70321 0 -2.03723 -56.0539
0.403 0.0690367 0.271555 1.70337 0 -2.04396 -56.2391
0.404 0.10379 0.240759 1.70345 0 -2.04799 -56.3501
0.405 0.0625502 0.277106 1.70346 0 -2.04312 -56.216
0.406 0.00755243 0.325536 1.70353 0 -2.03661 -56.037
0.407 0.022007 0.312573 1.70366 0 -2.03824 -56.0816
0.408 0.0841166 0.257562 1.70379 0 -2.04547 -56.2805
0.409 0.0998408 0.243591 1.70384 0 -2.04728 -56.3303
0.41 0.0450944 0.29187 1.70386 0 -2.04082 -56.1527
0.411 0.00241725 0.329459 1.70389 0 -2.03577 -56.0138
0.412 0.0363927 0.29936 1.70397 0 -2.03972 -56.1224
0.413 0.0958702 0.24679 1.70402 0 -2.04668 -56.3141
0.414 0.0909386 0.251123 1.70404 0 -2.0461 -56.2981
0.415 0.0287481 0.305987 1.70405 0 -2.03879 -56.0967
0.416 0.00303759 0.328616 1.70408 0 -2.03573 -56.0127
0.417 0.0527751 0.284665 1.70411 0 -2.04155 -56.1728
0.418 0.1031 0.24025 1.70412 0 -2.04747 -56.3357
0.419 0.0779947 0.262418 1.70413 0 -2.04454 -56.2551
0.42 0.0150447 0.317922 1.70416 0 -2.03713 -56.0512
0.421 0.00906593 0.323085 1.70422 0 -2.03637 -56.0303
0.422 0.0692275 0.269904 1.70426 0 -2.04339 -56.2235
0.423 0.104984 0.238337 1.70428 0 -2.0476 -56.3391
0.424 0.0623289 0.275989 1.70429 0 -2.0426 -56.2018
0.425 0.00528084 0.326288 1.70432 0 -2.03589 -56.017
0.426 0.0196893 0.313483 1.70436 0 -2.03754 -56.0623
0.427 0.0839842 0.256685 1.70439 0 -2.04505 -56.2692
0.428 0.101478 0.241244 1.70439 0 -2.04711 -56.3259
0.429 0.0457742 0.290393 1.70442 0 -2.04058 -56.1462
0.43 0.000534586 0.33025 1.70447 0 -2.03525 -55.9995
0.431 0.0337166 0.300873 1.70451 0 -2.0391 -56.1054
0.432 0.0954172 0.246368 1.70453 0 -2.04631 -56.3038
0.433 0.0929176 0.248563 1.70454 0 -2.04602 -56.2957
0.434 0.0300145 0.304052 1.70457 0 -2.03864 -56.0926
0.435 0.00118825 0.329424 1.70462 0 -2.03524 -55.999
0.436 0.0495771 0.286642 1.70466 0 -2.04088 -56.1544
0.437 0.102337 0.240032 1.70467 0 -2.04704 -56.3239
0.438 0.0802866 0.259471 1.70468 0 -2.04444 -56.2523
0.439 0.0167513 0.315528 1.70471 0 -2.03698 -56.0472
0.44 0.00715627 0.323979 1.70473 0 -2.03587 -56.0164
0.441 0.0656145 0.27237 1.70474 0 -2.04273 -56.2051
0.442 0.104108 0.238361 1.70475 0 -2.04722 -56.3288
0.443 0.0650035 0.272797 1.70479 0 -2.04259 -56.2015
0.444 0.00734559 0.323589 1.70486 0 -2.0358 -56.0145
0.445 0.0176495 0.314427 1.70492 0 -2.03699 -56.0474
0.446 0.0799628 0.259396 1.70493 0 -2.04429 -56.2482
0.447 0.100425 0.241295 1.70494 0 -2.04666 -56.3134
0.448 0.0485969 0.286975 1.70497 0 -2.04054 -56.145
0.449 0.00273031 0.327412 1.70501 0 -2.03515 -55.9967
0.45 0.0315928 0.301941 1.70503 0 -2.03856 -56.0906
0.451 0.0912854 0.249257 1.70504 0 -2.04558 -56.2836
0.452 0.0919196 0.248621 1.70507 0 -2.04561 -56.2844
0.453 0.0329365 0.300544 1.70513 0 -2.03862 -56.092
0.454 0.00333923 0.326575 1.7052 0 -2.03511 -55.9956
0.455 0.0473439 0.287729 1.70522 0 -2.04029 -56.1382
0.456 0.0982253 0.242817 1.70523 0 -2.04627 -56.3027
0.457 0.0793791 0.259361 1.70527 0 -2.04401 -56.2405
0.458 0.0195921 0.312001 1.70533 0 -2.03692 -56.0455
0.459 0.0090583 0.321248 1.70537 0 -2.03568 -56.0112
0.46 0.063272 0.273428 1.70538 0 -2.04208 -56.1874
0.461 0.100156 0.240843 1.70541 0 -2.04641 -56.3066
0.462 0.0642081 0.272391 1.70551 0 -2.0421 -56.188
0.463 0.00993259 0.320076 1.70562 0 -2.03562 -56.0097
0.464 0.0191396 0.311859 1.70568 0 -2.03667 -56.0386
0.465 0.0775354 0.260341 1.70569 0 -2.04357 -56.2283
0.466 0.0967485 0.243338 1.70573 0 -2.04582 -56.2902
0.467 0.0479079 0.286248 1.70583 0 -2.03999 -56.1298
0.468 0.00491899 0.323986 1.70593 0 -2.03484 -55.9881
0.469 0.0325634 0.299533 1.70598 0 -2.03807 -56.0771
0.47 0.0887895 0.249938 1.70599 0 -2.04472 -56.26
0.471 0.0885315 0.250066 1.70607 0 -2.04467 -56.2585
0.472 0.0322406 0.299478 1.70621 0 -2.03793 -56.0731
0.473 0.00497627 0.323305 1.70633 0 -2.03461 -55.9817
0.474 0.0477744 0.285487 1.70636 0 -2.03963 -56.1198
0.475 0.0957612 0.243151 1.70639 0 -2.04531 -56.2761
0.476 0.0763073 0.26016 1.70651 0 -2.04298 -56.212
0.477 0.0187457 0.310624 1.70669 0 -2.03606 -56.0217
0.478 0.00996377 0.318115 1.70682 0 -2.03489 -55.9896
0.479 0.063107 0.271174 1.70685 0 -2.04113 -56.1613
0.48 0.0977461 0.240598 1.7069 0 -2.04524 -56.2744
0.481 0.0613887 0.272456 1.70706 0 -2.0409 -56.1549
0.482 0.00877829 0.318483 1.70727 0 -2.03454 -55.9798
0.483 0.0192414 0.308965 1.70741 0 -2.03562 -56.0096
0.484 0.0768892 0.25805 1.70745 0 -2.04239 -56.1958
0.485 0.0945499 0.242434 1.70751 0 -2.04449 -56.2538
0.486 0.0453419 0.285587 1.7077 0 -2.03863 -56.0923
0.487 0.00331314 0.32225 1.70793 0 -2.03349 -55.9511
0.488 0.0317613 0.296875 1.70806 0 -2.0367 -56.0392
0.489 0.0876922 0.247485 1.70809 0 -2.04327 -56.2201
0.49 0.0865872 0.248393 1.70818 0 -2.04316 -56.2171
0.491 0.0298648 0.298105 1.70841 0 -2.03638 -56.0306
0.492 0.00281749 0.321497 1.70867 0 -2.03298 -55.9371
0.493 0.0460684 0.283049 1.7088 0 -2.03792 -56.0729
0.494 0.0943031 0.240448 1.70883 0 -2.04359 -56.2288
0.495 0.0746567 0.257697 1.70894 0 -2.04129 -56.1656
0.496 0.0165096 0.30865 1.70918 0 -2.03434 -55.9743
0.497 0.00724657 0.316363 1.70943 0 -2.03304 -55.9385
0.498 0.0606381 0.268996 1.70954 0 -2.03918 -56.1075
0.499 0.0961131 0.237659 1.70957 0 -2.04334 -56.2221
0.5 0.0601021 0.269333 1.70968 0 -2.03911 -56.1058
0.501 0.00666671 0.316144 1.70991 0 -2.03272 -55.9297
0.502 0.0160564 0.307466 1.71012 0 -2.03364 -55.9551
0.503 0.0739219 0.25622 1.7102 0 -2.04034 -56.1395
0.504 0.0930078 0.239352 1.71023 0 -2.04259 -56.2014
0.505 0.044508 0.282001 1.71036 0 -2.03687 -56.0441
0.506 0.00129998 0.319762 1.7106 0 -2.03166 -55.9007
0.507 0.0281649 0.295693 1.71079 0 -2.03465 -55.9828
0.508 0.084398 0.245926 1.71085 0 -2.04117 -56.1625
0.509 0.0852477 0.245143 1.71089 0 -2.04128 -56.1654
0.51 0.0294333 0.294213 1.71104 0 -2.03469 -55.9839
0.511 0.000839853 0.319078 1.71127 0 -2.03119 -55.8877
0.512 0.0421831 0.282281 1.71143 0 -2.0359 -56.0172
0.513 0.090943 0.239147 1.71148 0 -2.04157 -56.1732
0.514 0.0736816 0.254333 1.71153 0 -2.03954 -56.1175
0.515 0.0164447 0.30463 1.71169 0 -2.03276 -55.931
0.516 0.00524141 0.31417 1.7119 0 -2.03131 -55.8911
0.517 0.0565542 0.268638 1.71203 0 -2.03722 -56.0536
0.518 0.0928605 0.236529 1.71206 0 -2.04145 -56.1699
0.519 0.0595395 0.26586 1.71212 0 -2.03752 -56.062
0.52 0.00685394 0.312098 1.71231 0 -2.03126 -55.8896
0.521 0.0139215 0.305514 1.71251 0 -2.03195 -55.9087
0.522 0.0696628 0.256108 1.71262 0 -2.03839 -56.0859
0.523 0.0898967 0.238196 1.71265 0 -2.04074 -56.1505
0.524 0.0442555 0.278383 1.71272 0 -2.03536 -56.0025
0.525 0.00157497 0.315796 1.7129 0 -2.03027 -55.8623
0.526 0.0258864 0.294055 1.71307 0 -2.03301 -55.9378
0.527 0.0801413 0.24603 1.71314 0 -2.03931 -56.1111
0.528 0.0824441 0.243956 1.71316 0 -2.03956 -56.1181
0.529 0.0294777 0.29057 1.71326 0 -2.03331 -55.946
0.53 0.00110472 0.315335 1.71344 0 -2.02988 -55.8517
0.531 0.0397765 0.280948 1.71359 0 -2.03431 -55.9737
0.532 0.0868181 0.239328 1.71364 0 -2.03979 -56.1243
0.533 0.0712349 0.253038 1.71367 0 -2.03794 -56.0735
0.534 0.0166647 0.301036 1.71378 0 -2.03149 -55.8959
0.535 0.00535791 0.310731 1.71397 0 -2.03005 -55.8565
0.536 0.0540368 0.267541 1.7141 0 -2.03567 -56.0111
0.537 0.0889764 0.236627 1.71413 0 -2.03974 -56.1229
0.538 0.0574513 0.264402 1.71417 0 -2.03602 -56.0206
0.539 0.00711555 0.308663 1.71428 0 -2.03006 -55.8565
0.54 0.0138168 0.30251 1.71443 0 -2.03075 -55.8757
0.541 0.0671629 0.255272 1.71452 0 -2.03695 -56.0463
0.542 0.0864628 0.238199 1.71454 0 -2.0392 -56.1082
0.543 0.042603 0.276842 1.71459 0 -2.03403 -55.9659
0.544 0.00180434 0.312654 1.71471 0 -2.02917 -55.8322
0.545 0.025502 0.291503 1.71486 0 -2.03186 -55.9062
0.546 0.0776982 0.245306 1.71493 0 -2.03794 -56.0733
0.547 0.0794813 0.243701 1.71495 0 -2.03813 -56.0787
0.548 0.0281541 0.288928 1.715 0 -2.03208 -55.9122
0.549 0.00116121 0.312575 1.71511 0 -2.02885 -55.8233
0.55 0.0391165 0.278898 1.71522 0 -2.03323 -55.944
0.551 0.0845846 0.238695 1.71526 0 -2.03854 -56.09
0.552 0.0688656 0.252547 1.71528 0 -2.03669 -56.0391
0.553 0.0156548 0.299413 1.71534 0 -2.03041 -55.8663
0.554 0.00519169 0.308458 1.71546 0 -2.02911 -55.8305
0.555 0.0531521 0.265967 1.71555 0 -2.03467 -55.9836
0.556 0.0870577 0.235985 1.71559 0 -2.03863 -56.0924
0.557 0.055682 0.263655 1.7156 0 -2.03494 -55.9909
0.558 0.00631116 0.307139 1.71566 0 -2.02911 -55.8306
0.559 0.0133611 0.300773 1.71575 0 -2.02988 -55.8518
0.56 0.0661241 0.254107 1.71581 0 -2.03604 -56.0212
0.561 0.0849571 0.237462 1.71582 0 -2.03824 -56.0818
0.562 0.0414103 0.275866 1.71585 0 -2.03312 -55.9409
0.563 0.00110005 0.311341 1.71591 0 -2.02835 -55.8096
0.564 0.0247413 0.290348 1.71599 0 -2.03108 -55.8846
0.565 0.0766257 0.244486 1.71603 0 -2.03714 -56.0514
0.566 0.0784932 0.242824 1.71604 0 -2.03735 -56.0573
0.567 0.0274999 0.287793 1.71606 0 -2.03136 -55.8923
0.568 0.000457871 0.311568 1.71612 0 -2.02815 -55.804
0.569 0.038049 0.278303 1.71617 0 -2.03252 -55.9245
0.57 0.0835659 0.238097 1.71619 0 -2.03785 -56.0711
0.571 0.0684126 0.251459 1.7162 0 -2.03607 -56.0221
0.572 0.0154258 0.298171 1.71624 0 -2.02983 -55.8504
0.573 0.00438607 0.307829 1.71629 0 -2.02851 -55.8139
0.574 0.0518237 0.265902 1.71633 0 -2.03405 -55.9665
0.575 0.0862175 0.235531 1.71633 0 -2.03808 -56.0774
0.576 0.055789 0.262362 1.71635 0 -2.0345 -55.9789
0.577 0.00640502 0.305878 1.7164 0 -2.02868 -55.8187
0.578 0.0123743 0.300534 1.71645 0 -2.02935 -55.8372
0.579 0.0645673 0.254435 1.71647 0 -2.03547 -56.0054
0.58 0.0843262 0.236983 1.71647 0 -2.03778 -56.0691
0.581 0.0419688 0.274318 1.71651 0 -2.03279 -55.9318
0.582 0.00132965 0.310096 1.71656 0 -2.02799 -55.7996
0.583 0.023492 0.290466 1.71661 0 -2.03056 -55.8705
0.584 0.0749044 0.245069 1.71662 0 -2.03659 -56.0364
0.585 0.0781149 0.242214 1.71663 0 -2.03696 -56.0465
0.586 0.0284059 0.286014 1.71668 0 -2.0311 -55.8852
0.587 0.000670141 0.310399 1.71674 0 -2.02781 -55.7946
0.588 0.0365075 0.278719 1.71677 0 -2.032 -55.9099
0.589 0.0817582 0.238771 1.71678 0 -2.03731 -56.0561
0.59 0.06829 0.250616 1.7168 0 -2.03571 -56.0121
0.591 0.0165314 0.296195 1.71687 0 -2.02959 -55.8437
0.592 0.00443105 0.306777 1.71693 0 -2.02813 -55.8036
0.593 0.0499931 0.26653 1.71695 0 -2.03348 -55.9506
0.594 0.0844118 0.236143 1.71696 0 -2.03752 -56.0618
0.595 0.0559065 0.26123 1.717 0 -2.03414 -55.9689
0.596 0.00756129 0.30377 1.71708 0 -2.02841 -55.8112
0.597 0.0121414 0.299633 1.71714 0 -2.02891 -55.8251
0.598 0.0624911 0.255176 1.71716 0 -2.03482 -55.9877
0.599 0.0826082 0.237401 1.71717 0 -2.03718 -56.0526
0.6 0.0422853 0.272888 1.71723 0 -2.03241 -55.9212
