0.001 3.29769e-20 7.46646e-21 4.23855e-32 1.39374e-19 9.89306e-20 0
0.002 3.2054e-19 6.72658e-20 1.25715e-31 4.95443e-19 1.07637e-19 0
0.003 9.61078e-19 3.53687e-19 1.21168e-30 1.42838e-18 1.13617e-19 0
0.004 2.01197e-18 1.13344e-18 2.29674e-30 3.27178e-18 1.26376e-19 0
0.005 3.66204e-18 2.6741e-18 1.68898e-29 6.48952e-18 1.53386e-19 0
0.006 6.36568e-18 5.23829e-18 6.08994e-29 1.18033e-17 1.99368e-19 0
0.007 1.09407e-17 9.24511e-18 9.23812e-29 2.0462e-17 2.76265e-19 0
0.008 1.87562e-17 1.55589e-17 3.77972e-28 3.47277e-17 4.12619e-19 0
0.009 3.21418e-17 2.58744e-17 1.52657e-27 5.86705e-17 6.54301e-19 0.560733
0.01 5.50539e-17 4.32815e-17 2.73237e-27 9.93996e-17 1.0642e-18 0.538196
0.011 9.40468e-17 7.31617e-17 3.99689e-27 1.68944e-16 1.73529e-18 0.516222
0.012 1.59792e-16 1.24559e-16 1.58214e-26 2.87173e-16 2.82226e-18 0.493813
0.013 2.6966e-16 2.12226e-16 5.05581e-26 4.86474e-16 4.58793e-18 0.473784
0.014 4.52098e-16 3.59851e-16 8.6213e-26 8.19417e-16 7.46714e-18 0.457723
0.015 7.53805e-16 6.05458e-16 1.052e-25 1.37143e-15 1.21658e-17 0.445519
0.016 1.25124e-15 1.01058e-15 2.72008e-25 2.28164e-15 1.98209e-17 0.436252
0.017 2.06894e-15 1.6755e-15 9.21925e-25 3.77669e-15 3.22491e-17 0.42878
0.018 3.40861e-15 2.76395e-15 1.98336e-24 6.22488e-15 5.23222e-17 0.42204
0.019 5.59497e-15 4.54222e-15 2.66559e-24 1.02217e-14 8.4546e-17 0.415277
0.02 9.14788e-15 7.44054e-15 3.22462e-24 1.67244e-14 1.3597e-16 0.408161
0.021 1.48955e-14 1.21486e-14 7.87706e-24 2.72618e-14 2.17613e-16 0.400717
0.022 2.41517e-14 1.97643e-14 2.28962e-23 4.42627e-14 3.46665e-16 0.393139
0.023 3.89926e-14 3.20252e-14 4.67414e-23 7.15677e-14 5.49848e-16 0.385627
0.024 6.26862e-14 5.16691e-14 6.49088e-23 1.15224e-13 8.68499e-16 0.378301
0.025 1.00356e-13 8.29945e-14 7.13867e-23 1.84716e-13 1.36622e-15 0.371187
0.026 1.59998e-13 1.32728e-13 1.10249e-22 2.94866e-13 2.14032e-15 0.364253
0.027 2.54038e-13 2.11355e-13 2.78173e-22 4.68732e-13 3.33892e-15 0.357438
0.028 4.01695e-13 3.35157e-13 6.32094e-22 7.42038e-13 5.18635e-15 0.350692
0.029 6.32557e-13 5.29297e-13 1.06436e-21 1.16987e-12 8.02079e-15 0.343985
0.03 9.91975e-13 8.32476e-13 1.34156e-21 1.8368e-12 1.23498e-14 0.337311
0.031 1.54914e-12 1.30394e-12 1.42843e-21 2.87201e-12 1.89318e-14 0.330682
0.032 2.40917e-12 2.03395e-12 1.86743e-21 4.47202e-12 2.8895e-14 0.324111
0.033 3.73103e-12 3.15939e-12 3.68862e-21 6.93433e-12 4.39092e-14 0.317613
0.034 5.75407e-12 4.88696e-12 7.58107e-21 1.07075e-11 6.64347e-14 0.311192
0.035 8.83701e-12 7.52737e-12 1.28849e-20 1.64645e-11 1.00078e-13 0.304848
0.036 1.35151e-11 1.15456e-11 1.75763e-20 2.52109e-11 1.501e-13 0.298578
0.037 2.05835e-11 1.76346e-11 1.98796e-20 3.84422e-11 2.24137e-13 0.292377
0.038 3.12176e-11 2.68218e-11 2.05463e-20 5.83726e-11 3.33219e-13 0.286241
0.039 4.71475e-11 4.06242e-11 2.36623e-20 8.82649e-11 4.93199e-13 0.280169
0.04 7.09079e-11 6.1271e-11 3.45994e-20 1.32906e-10 7.26757e-13 0.27416
0.041 1.06195e-10 9.20226e-11 5.61737e-20 1.99284e-10 1.06617e-12 0.268217
0.042 1.58374e-10 1.37626e-10 8.60112e-20 2.97557e-10 1.55714e-12 0.26234
0.043 2.35199e-10 2.0496e-10 1.17457e-19 4.42423e-10 2.26408e-12 0.256529
0.044 3.4782e-10 3.03945e-10 1.43447e-19 6.55043e-10 3.27729e-12 0.250786
0.045 5.122e-10 4.48829e-10 1.60296e-19 9.65751e-10 4.7227e-12 0.245108
0.046 7.51082e-10 6.59965e-10 1.68699e-19 1.41782e-09 6.77506e-12 0.239497
0.047 1.09672e-09 9.66307e-10 1.71852e-19 2.0727e-09 9.67558e-12 0.233951
0.048 1.59465e-09 1.40884e-09 1.72856e-19 3.01724e-09 1.37555e-11 0.228469
0.049 2.30881e-09 2.04529e-09 1.73447e-19 4.37357e-09 1.94673e-11 0.223052
0.05 3.32863e-09 2.95662e-09 1.74309e-19 6.31267e-09 2.74257e-11 0.2177
0.051 4.77852e-09 4.25577e-09 1.76102e-19 9.07275e-09 3.84615e-11 0.212412
0.052 6.83076e-09 6.0996e-09 1.80862e-19 1.29841e-08 5.36916e-11 0.207188
0.053 9.72277e-09 8.70485e-09 1.94502e-19 1.85022e-08 7.46088e-11 0.202029
0.054 1.37801e-08 1.23696e-08 2.31206e-19 2.62529e-08 1.03198e-10 0.196933
0.055 1.94471e-08 1.75017e-08 3.19703e-19 3.70909e-08 1.42083e-10 0.191901
0.056 2.7327e-08 2.46565e-08 5.1153e-19 5.21783e-08 1.94713e-10 0.186933
0.057 3.82351e-08 3.45867e-08 8.93689e-19 7.30874e-08 2.65596e-10 0.182028
0.058 5.32675e-08 4.83065e-08 1.61243e-18 1.01935e-07 3.6059e-10 0.177187
0.059 7.38903e-08 6.71769e-08 2.92071e-18 1.41554e-07 4.87263e-10 0.172408
0.06 1.02055e-07 9.30139e-08 5.26953e-18 1.95724e-07 6.55331e-10 0.167692
0.061 1.40346e-07 1.28229e-07 9.4756e-18 2.69452e-07 8.77196e-10 0.163039
0.062 1.92168e-07 1.76006e-07 1.70176e-17 3.69343e-07 1.16859e-09 0.158449
0.063 2.61982e-07 2.40532e-07 3.0546e-17 5.04063e-07 1.54933e-09 0.153921
0.064 3.55606e-07 3.27277e-07 5.47462e-17 6.84927e-07 2.04426e-09 0.149455
0.065 4.80582e-07 4.43353e-07 9.77919e-17 9.2662e-07 2.68426e-09 0.145052
0.066 6.46644e-07 5.97961e-07 1.73792e-16 1.24811e-06 3.5075e-09 0.14071
0.067 8.66273e-07 8.02933e-07 3.06919e-16 1.67377e-06 4.56083e-09 0.13643
0.068 1.1554e-06 1.07341e-06 5.38371e-16 2.23471e-06 5.90132e-09 0.132212
0.069 1.53425e-06 1.42864e-06 9.38075e-16 2.97049e-06 7.59804e-09 0.128056
0.07 2.02831e-06 1.89301e-06 1.62421e-15 3.93105e-06 9.73388e-09 0.123961
0.071 2.66961e-06 2.49714e-06 2.79554e-15 5.17915e-06 1.24076e-08 0.119928
0.072 3.49806e-06 3.27937e-06 4.78452e-15 6.79317e-06 1.57359e-08 0.115956
0.073 4.5632e-06 4.28736e-06 8.14379e-15 8.87041e-06 1.98555e-08 0.112046
0.074 5.92606e-06 5.58e-06 1.37863e-14 1.1531e-05 2.49253e-08 0.108196
0.075 7.66148e-06 7.22967e-06 2.3211e-14 1.49223e-05 3.11278e-08 0.104409
0.076 9.86057e-06 9.32469e-06 3.8864e-14 1.92239e-05 3.86711e-08 0.100682
0.077 1.26336e-05 1.19723e-05 6.47145e-14 2.46537e-05 4.779e-08 0.0970168
0.078 1.61132e-05 1.53016e-05 1.07167e-13 3.14735e-05 5.87458e-08 0.0934129
0.079 2.04578e-05 1.94674e-05 1.76498e-13 3.9997e-05 7.18264e-08 0.0898705
0.08 2.58552e-05 2.46537e-05 2.89108e-13 5.05963e-05 8.73443e-08 0.0863895
0.081 3.25271e-05 3.10779e-05 4.71024e-13 6.37106e-05 1.05634e-07 0.0829703
0.082 4.07324e-05 3.89949e-05 7.6332e-13 7.98544e-05 1.27047e-07 0.0796127
0.083 5.0772e-05 4.87015e-05 1.23046e-12 9.96255e-05 1.51947e-07 0.0763172
0.084 6.29926e-05 6.05405e-05 1.97303e-12 0.000123714 1.80698e-07 0.0730839
0.085 7.77902e-05 7.49047e-05 3.14715e-12 0.000152909 2.13657e-07 0.0699131
0.086 9.56141e-05 9.22405e-05 4.99373e-12 0.000188106 2.51161e-07 0.0668051
0.087 0.000116969 0.000113051 7.88253e-12 0.000230313 2.93509e-07 0.0637603
0.088 0.000142416 0.000137896 1.23779e-11 0.000280653 3.40951e-07 0.0607792
0.089 0.000172574 0.000167398 1.93367e-11 0.000340366 3.93659e-07 0.0578623
0.09 0.000208119 0.000202233 3.00521e-11 0.000410804 4.5172e-07 0.0550103
0.091 0.000249777 0.000243135 4.64661e-11 0.000493427 5.15103e-07 0.0522237
0.092 0.000298323 0.000290885 7.14785e-11 0.000589792 5.83647e-07 0.0495036
0.093 0.000354569 0.000346308 1.09395e-10 0.000701534 6.5704e-07 0.0468507
0.094 0.000419353 0.000410258 1.66576e-10 0.000830346 7.34801e-07 0.0442662
0.095 0.000493527 0.000483603 2.52362e-10 0.000977946 8.16272e-07 0.0417514
0.096 0.000577934 0.000567209 3.80399e-10 0.00114604 9.00612e-07 0.0393077
0.097 0.00067339 0.000661919 5.70512e-10 0.0013363 9.86802e-07 0.0369367
0.098 0.000780655 0.000768521 8.51345e-10 0.00155025 1.07365e-06 0.0346404
0.099 0.000900409 0.000887727 1.26406e-09 0.0017893 1.15984e-06 0.032421
0.1 0.00103321 0.00102014 1.86747e-09 0.0020546 1.24393e-06 0.0302811
0.101 0.00117948 0.0011662 2.74518e-09 0.00234701 1.32445e-06 0.0282237
0.102 0.00133945 0.00132619 4.01533e-09 0.00266704 1.39995e-06 0.0262523
0.103 0.00151313 0.00150015 5.84403e-09 0.00301475 1.4691e-06 0.0243711
0.104 0.00170027 0.00168787 8.4634e-09 0.00338968 1.53076e-06 0.0225848
0.105 0.00190035 0.00188886 1.21962e-08 0.00379081 1.58417e-06 0.0208992
0.106 0.00211253 0.0021023 1.74885e-08 0.00421647 1.62903e-06 0.0193211
0.107 0.00233562 0.00232704 2.49535e-08 0.00466434 1.66567e-06 0.0178585
0.108 0.0025681 0.00256155 3.54297e-08 0.00513138 1.69524e-06 0.0165211
0.109 0.00280811 0.00280396 5.00564e-08 0.00561385 1.71986e-06 0.0153204
0.11 0.00305342 0.00305206 7.03738e-08 0.00610729 1.74282e-06 0.0142704
0.111 0.00330151 0.00330327 9.84517e-08 0.00660665 1.76877e-06 0.0133881
0.112 0.00354957 0.00355475 1.37056e-07 0.00710626 1.80393e-06 0.0126941
0.113 0.00379456 0.00380341 1.89862e-07 0.00760001 1.85629e-06 0.0122139
0.114 0.0040333 0.00404601 2.61724e-07 0.0080815 1.93585e-06 0.0119785
0.115 0.00426254 0.00427922 3.59016e-07 0.00854418 2.05484e-06 0.0120263
0.116 0.00447908 0.00449976 4.90061e-07 0.00898155 2.22803e-06 0.0124049
0.117 0.00467985 0.00470448 6.65662e-07 0.00938747 2.47298e-06 0.0131735
0.118 0.00486209 0.00489053 8.99752e-07 0.00975633 2.81049e-06 0.0144055
0.119 0.00502343 0.00505549 1.2102e-06 0.0100834 3.26499e-06 0.0161926
0.12 0.00516206 0.00519751 1.61979e-06 0.010365 3.86519e-06 0.0186488
0.121 0.00527685 0.00531543 2.15737e-06 0.0105991 4.64472e-06 0.0219158
0.122 0.00536747 0.00540896 2.85925e-06 0.0107849 5.64313e-06 0.026169
0.123 0.00543453 0.00547876 3.77088e-06 0.010924 6.90697e-06 0.0316238
0.124 0.0054796 0.00552657 4.9487e-06 0.0110196 8.49121e-06 0.0385425
0.125 0.00550536 0.00555528 6.46246e-06 0.0110776 1.0461e-05 0.0472393
0.126 0.00551556 0.00556892 8.39767e-06 0.0111058 1.28937e-05 0.0580833
0.127 0.00551504 0.00557275 1.08585e-05 0.0111145 1.58815e-05 0.0714957
0.128 0.0055097 0.00557316 1.39712e-05 0.0111164 1.9534e-05 0.0879388
0.129 0.00550636 0.00557757 1.78871e-05 0.0111258 2.3982e-05 0.107893
0.13 0.00551269 0.00559436 2.27869e-05 0.0111592 2.93808e-05 0.131817
0.131 0.00553696 0.00563266 2.88847e-05 0.0112344 3.59144e-05 0.160097
0.132 0.00558788 0.0057021 3.6432e-05 0.0113702 4.38001e-05 0.192981
0.133 0.00567435 0.00581259 4.57218e-05 0.011586 5.32931e-05 0.23052
0.134 0.00580513 0.00597403 5.70932e-05 0.011901 6.4691e-05 0.27253
0.135 0.00598862 0.00619597 7.09348e-05 0.0123339 7.83387e-05 0.318588
0.136 0.00623249 0.00648728 8.76883e-05 0.0129021 9.46326e-05 0.368084
0.137 0.00654343 0.00685584 0.000107851 0.0136211 0.000114024 0.420315
0.138 0.00692686 0.00730819 0.000131978 0.0145041 0.000137023 0.474603
0.139 0.00738667 0.00784925 0.00016068 0.0155608 0.000164199 0.530402
0.14 0.00792502 0.00848204 0.000194625 0.0167979 0.000196179 0.587371
0.141 0.00854217 0.00920746 0.000234531 0.0182178 0.000233651 0.645411
0.142 0.00923641 0.0100241 0.000281164 0.019819 0.000277354 0.704647
0.143 0.010004 0.0109282 0.000335325 0.0215956 0.000328072 0.765393
0.144 0.0108394 0.0119135 0.000397838 0.0235373 0.000386624 0.828102
0.145 0.0117349 0.0129713 0.000469538 0.0256296 0.000453851 0.893314
0.146 0.0126815 0.0140909 0.000551247 0.0278542 0.000530597 0.961612
0.147 0.0136687 0.0152591 0.000643752 0.0301893 0.000617687 1.0336
0.148 0.014685 0.0164613 0.000747783 0.0326099 0.0007159 1.10985
0.149 0.0157182 0.0176809 0.000863977 0.035089 0.000825945 1.19094
0.15 0.016756 0.0189006 0.000992849 0.0375978 0.000948425 1.27739
0.151 0.0177861 0.020102 0.00113476 0.0401067 0.0010838 1.36966
0.152 0.0187971 0.0212668 0.00128987 0.0425861 0.00123236 1.46815
0.153 0.0197786 0.0223765 0.00145812 0.0450074 0.00139419 1.57321
0.154 0.0207214 0.0234136 0.00163919 0.0473433 0.0015691 1.68507
0.155 0.0216186 0.0243614 0.00183247 0.0495691 0.00175664 1.80388
0.156 0.0224648 0.0252051 0.00203703 0.0516629 0.00195606 1.92963
0.157 0.023257 0.0259315 0.00225161 0.0536064 0.00216627 2.0622
0.158 0.0239947 0.0265299 0.00247461 0.0553851 0.00238581 2.20125
0.159 0.0246793 0.0269924 0.00270409 0.0569887 0.00261292 2.34628
0.16 0.0253145 0.0273136 0.00293779 0.0584114 0.00284547 2.49652
0.161 0.0259058 0.0274916 0.00317316 0.0596516 0.00308103 2.65099
0.162 0.0264602 0.0275273 0.00340742 0.0607118 0.00331689 2.80839
0.163 0.0269856 0.0274252 0.00363757 0.0615985 0.00355013 2.96717
0.164 0.0274907 0.0271927 0.00386054 0.0623216 0.00377765 3.1255
0.165 0.0279841 0.0268404 0.00407324 0.062894 0.00399634 3.28129
0.166 0.0284738 0.0263818 0.00427267 0.0633313 0.0042031 3.43224
0.167 0.0289666 0.025833 0.00445607 0.0636507 0.00439499 3.57588
0.168 0.0294677 0.0252126 0.00462099 0.0638706 0.00456936 3.70974
0.169 0.0299799 0.0245409 0.0047655 0.0640103 0.00472398 3.8314
0.17 0.0305036 0.0238399 0.00488824 0.0640889 0.00485718 3.93866
0.171 0.0310359 0.0231324 0.00498861 0.0641249 0.00496793 4.02847
0.172 0.031571 0.0224418 0.00506685 0.0641357 0.00505605 4.09992
0.173 0.0320999 0.0217912 0.00512414 0.0641375 0.00512224 4.1536
0.174 0.0326104 0.0212031 0.00516268 0.0641444 0.00516821 4.19087
0.175 0.0330876 0.0206983 0.00518573 0.0641684 0.0051967 4.21397
0.176 0.0335142 0.020296 0.00519763 0.0642193 0.00521155 4.22601
0.177 0.0338709 0.0200123 0.00520375 0.0643046 0.00521765 4.22853
0.178 0.0341376 0.0198606 0.00521044 0.0644295 0.00522095 4.22277
0.179 0.0342935 0.0198501 0.00522492 0.0645967 0.00522828 4.21754
0.18 0.0343186 0.0199861 0.00525512 0.0648071 0.0052473 4.21921
0.181 0.0341942 0.0202695 0.0053095 0.0650595 0.00528628 4.23469
0.182 0.033904 0.0206963 0.00539684 0.0653511 0.00535393 4.27124
0.183 0.033435 0.0212577 0.00552595 0.0656778 0.00545911 4.33619
0.184 0.032778 0.0219402 0.00570544 0.0660343 0.00561062 4.43675
0.185 0.0319285 0.0227257 0.0059434 0.0664145 0.00581687 4.57978
0.186 0.0308872 0.0235918 0.00624716 0.0668118 0.00608563 4.77162
0.187 0.0296603 0.0245125 0.00662298 0.0672195 0.00642373 5.01794
0.188 0.0282595 0.0254586 0.0070758 0.0676307 0.00683679 5.32358
0.189 0.0267021 0.0263989 0.00760901 0.068039 0.007329 5.69247
0.19 0.0250106 0.0273004 0.00822431 0.0684381 0.00790288 6.12752
0.191 0.023212 0.02813 0.0089215 0.0688227 0.00855915 6.63057
0.192 0.0213375 0.0288551 0.00969849 0.0691877 0.00929663 7.20188
0.193 0.0194211 0.0294447 0.0105512 0.0695292 0.0101122 7.83366
0.194 0.0174988 0.0298707 0.0114737 0.0698438 0.0110007 8.52197
0.195 0.0156075 0.0301084 0.0124582 0.0701293 0.0119552 9.26144
0.196 0.0137837 0.0301377 0.0134954 0.070384 0.0129672 10.0454
0.197 0.0120625 0.0299437 0.0145745 0.070607 0.0140263 10.8659
0.198 0.0104759 0.0295175 0.0156837 0.0707984 0.0151214 11.7142
0.199 0.00905249 0.0288561 0.0168102 0.0709587 0.0162399 12.5806
0.2 0.0078158 0.0279632 0.0179411 0.0710891 0.0173689 13.4553
0.201 0.00678401 0.0268485 0.0190632 0.0711911 0.0184954 14.3279
0.202 0.00596917 0.0255281 0.0201635 0.0712669 0.0196061 15.1884
0.203 0.00537689 0.0240236 0.0212299 0.0713188 0.0206884 16.0268
0.204 0.00500626 0.0223615 0.0222508 0.0713492 0.0217305 16.8341
0.205 0.00484996 0.0205726 0.0232164 0.0713608 0.0227218 17.602
0.206 0.00489463 0.018691 0.0241179 0.0713564 0.0236528 18.3233
0.207 0.00512145 0.0167526 0.0249485 0.0713385 0.0245159 18.9919
0.208 0.00550685 0.0147948 0.0257031 0.0713099 0.0253051 19.6033
0.209 0.0060235 0.0128547 0.0263783 0.0712729 0.0260163 20.1542
0.21 0.00664127 0.0109682 0.026973 0.0712297 0.0266473 20.643
0.211 0.00732835 0.00916902 0.0274875 0.0711826 0.0271977 21.0694
0.212 0.00805236 0.00748771 0.0279242 0.0711332 0.027669 21.4345
0.213 0.00878146 0.0059508 0.0282868 0.0710833 0.0280643 21.7408
0.214 0.00948539 0.00458012 0.0285805 0.0710342 0.0283882 21.9917
0.215 0.0101364 0.00339236 0.0288116 0.070987 0.0286466 22.1918
0.216 0.0107102 0.00239872 0.0289874 0.0709425 0.0288462 22.3465
0.217 0.0111863 0.00160479 0.0291157 0.0709016 0.0289948 22.4616
0.218 0.011549 0.00101063 0.0292048 0.0708646 0.0291003 22.5433
0.219 0.0117871 0.000610965 0.0292628 0.0708319 0.029171 22.5981
0.22 0.0118948 0.000395624 0.029298 0.0708035 0.0292151 22.6323
0.221 0.0118708 0.000350039 0.029318 0.0707796 0.0292407 22.6521
0.222 0.0117187 0.000455902 0.02933 0.0707599 0.0292552 22.6633
0.223 0.0114464 0.000691899 0.0293406 0.0707442 0.0292653 22.6711
0.224 0.0110655 0.0010345 0.0293553 0.0707324 0.0292771 22.6803
0.225 0.0105909 0.00145877 0.0293787 0.070724 0.0292956 22.6946
0.226 0.0100398 0.00193922 0.0294145 0.0707186 0.029325 22.7174
0.227 0.00943144 0.00245058 0.0294655 0.070716 0.0293685 22.7511
0.228 0.00878571 0.00296855 0.0295334 0.0707157 0.0294281 22.7972
0.229 0.00812289 0.00347051 0.0296189 0.0707173 0.0295051 22.8569
0.23 0.00746267 0.0039361 0.029722 0.0707206 0.0295998 22.9302
0.231 0.00682356 0.00434771 0.029842 0.070725 0.0297117 23.017
0.232 0.00622227 0.00469087 0.0299775 0.0707304 0.0298398 23.1162
0.233 0.00567319 0.00495453 0.0301264 0.0707364 0.0299823 23.2266
0.234 0.00518805 0.0051312 0.0302866 0.0707428 0.030137 23.3464
0.235 0.00477559 0.005217 0.0304553 0.0707494 0.0303015 23.4739
0.236 0.00444143 0.00521154 0.03063 0.0707561 0.0304731 23.6068
0.237 0.00418804 0.00511781 0.0308077 0.0707626 0.030649 23.7431
0.238 0.00401477 0.0049418 0.0309858 0.0707688 0.0308265 23.8806
0.239 0.00391808 0.00469222 0.0311616 0.0707748 0.0310029 24.0172
0.24 0.00389182 0.00438004 0.0313328 0.0707803 0.0311756 24.151
0.241 0.00392753 0.004018 0.0314973 0.0707855 0.0313426 24.2804
0.242 0.00401496 0.00362012 0.0316532 0.0707902 0.0315019 24.4038
0.243 0.00414245 0.00320112 0.0317991 0.0707944 0.0316517 24.5198
0.244 0.00429749 0.00277594 0.0319338 0.0707982 0.031791 24.6277
0.245 0.0044672 0.00235916 0.0320565 0.0708015 0.0319186 24.7266
0.246 0.00463883 0.00196461 0.0321669 0.0708044 0.0320341 24.8161
0.247 0.00480026 0.00160482 0.0322647 0.070807 0.0321372 24.8959
0.248 0.00494039 0.00129073 0.0323502 0.0708092 0.0322279 24.9662
0.249 0.00504952 0.00103134 0.0324236 0.0708111 0.0323066 25.0271
0.25 0.00511967 0.000833522 0.0324858 0.0708127 0.0323737 25.0791
0.251 0.00514477 0.000701818 0.0325374 0.070814 0.03243 25.1227
0.252 0.00512083 0.000638429 0.0325795 0.0708151 0.0324764 25.1587
0.253 0.00504601 0.000643214 0.032613 0.0708161 0.0325138 25.1877
0.254 0.00492057 0.000713798 0.032639 0.0708168 0.0325434 25.2106
0.255 0.00474677 0.000845749 0.0326587 0.0708174 0.0325663 25.2283
0.256 0.00452873 0.00103281 0.032673 0.0708179 0.0325834 25.2416
0.257 0.00427219 0.0012672 0.0326832 0.0708183 0.0325958 25.2512
0.258 0.0039842 0.00153994 0.03269 0.0708187 0.0326045 25.258
0.259 0.00367287 0.00184119 0.0326944 0.0708189 0.0326105 25.2626
0.26 0.00334696 0.00216067 0.032697 0.0708191 0.0326144 25.2656
0.261 0.00301559 0.00248798 0.0326987 0.0708193 0.032617 25.2676
0.262 0.00268785 0.00281298 0.0326998 0.0708194 0.0326188 25.269
0.263 0.00237253 0.0031261 0.0327006 0.0708195 0.0326202 25.2701
0.264 0.00207776 0.00341865 0.0327016 0.0708195 0.0326215 25.2711
0.265 0.00181079 0.00368305 0.0327028 0.0708196 0.0326229 25.2722
0.266 0.00157775 0.00391305 0.0327043 0.0708196 0.0326245 25.2734
0.267 0.00138347 0.00410383 0.032706 0.0708196 0.0326263 25.2748
0.268 0.0012314 0.0042521 0.0327079 0.0708196 0.0326282 25.2763
0.269 0.00112351 0.00435612 0.0327099 0.0708197 0.0326301 25.2778
0.27 0.00106029 0.00441569 0.0327117 0.0708197 0.032632 25.2792
0.271 0.00104082 0.00443199 0.0327133 0.0708197 0.0326335 25.2804
0.272 0.0010628 0.00440755 0.0327146 0.0708197 0.0326347 25.2813
0.273 0.00112272 0.00434601 0.0327155 0.0708197 0.0326355 25.2819
0.274 0.00121601 0.00425194 0.032716 0.0708197 0.0326358 25.2822
0.275 0.00133724 0.00413064 0.0327161 0.0708197 0.0326357 25.2821
0.276 0.00148033 0.00398787 0.0327162 0.0708197 0.0326353 25.2818
0.277 0.00163872 0.00382966 0.0327164 0.0708197 0.0326349 25.2815
0.278 0.00180569 0.00366205 0.0327171 0.0708197 0.0326348 25.2814
0.279 0.0019745 0.00349089 0.0327188 0.0708197 0.0326355 25.2819
0.28 0.00213864 0.0033216 0.032722 0.0708197 0.0326374 25.2834
0.281 0.00229202 0.00315908 0.0327274 0.0708197 0.0326412 25.2863
0.282 0.00242915 0.0030075 0.0327355 0.0708197 0.0326475 25.2912
0.283 0.00254529 0.00287019 0.0327472 0.0708197 0.0326569 25.2986
0.284 0.00263653 0.00274964 0.0327631 0.0708197 0.0326704 25.309
0.285 0.00269995 0.00264737 0.032784 0.0708197 0.0326884 25.3229
0.286 0.00273362 0.002564 0.0328103 0.0708197 0.0327117 25.341
0.287 0.00273661 0.00249925 0.0328428 0.0708197 0.032741 25.3636
0.288 0.00270905 0.00245203 0.032882 0.0708197 0.0327766 25.3913
0.289 0.00265199 0.00242048 0.032928 0.0708197 0.0328192 25.4242
0.29 0.00256741 0.00240216 0.0329813 0.0708197 0.0328688 25.4627
0.291 0.00245804 0.00239412 0.0330418 0.0708197 0.0329257 25.5068
0.292 0.00232734 0.00239306 0.0331094 0.0708197 0.0329899 25.5565
0.293 0.00217924 0.00239551 0.0331839 0.0708197 0.033061 25.6116
0.294 0.00201812 0.00239793 0.0332648 0.0708197 0.0331389 25.6719
0.295 0.00184854 0.0023969 0.0333514 0.0708197 0.0332228 25.7369
0.296 0.00167515 0.00238923 0.0334431 0.0708197 0.0333122 25.8061
0.297 0.00150251 0.00237208 0.033539 0.0708197 0.0334061 25.8789
0.298 0.00133497 0.00234307 0.0336379 0.0708197 0.0335037 25.9545
0.299 0.00117648 0.00230037 0.033739 0.0708197 0.0336038 26.0321
0.3 0.00103056 0.00224272 0.033841 0.0708197 0.0337054 26.1108
0.301 0.000900128 0.0021695 0.0339427 0.0708197 0.0338073 26.1898
0.302 0.00078749 0.00208073 0.034043 0.0708197 0.0339084 26.268
0.303 0.000694255 0.00197702 0.0341409 0.0708197 0.0340075 26.3448
0.304 0.000621334 0.00185959 0.0342352 0.0708197 0.0341035 26.4192
0.305 0.00056894 0.00173014 0.0343251 0.0708197 0.0341955 26.4904
0.306 0.000536618 0.00159082 0.0344097 0.0708197 0.0342825 26.5579
0.307 0.000523295 0.00144415 0.0344883 0.0708197 0.0343639 26.6209
0.308 0.000527348 0.00129287 0.0345604 0.0708197 0.034439 26.6791
0.309 0.000546691 0.0011399 0.0346257 0.0708197 0.0345074 26.7321
0.31 0.000578868 0.000988173 0.0346839 0.0708197 0.0345688 26.7796
0.311 0.000621163 0.000840578 0.0347349 0.0708197 0.034623 26.8216
0.312 0.000670701 0.000699846 0.0347789 0.0708197 0.0346702 26.8582
0.313 0.000724563 0.000568463 0.0348162 0.0708197 0.0347104 26.8894
0.314 0.00077988 0.000448601 0.0348471 0.0708197 0.0347441 26.9154
0.315 0.000833939 0.000342056 0.034872 0.0708197 0.0347716 26.9368
0.316 0.00088426 0.0002502 0.0348916 0.0708197 0.0347936 26.9538
0.317 0.00092867 0.000173957 0.0349065 0.0708197 0.0348105 26.9669
0.318 0.000965363 0.000113789 0.0349174 0.0708197 0.0348231 26.9766
0.319 0.000992934 6.96998e-05 0.034925 0.0708197 0.034832 26.9836
0.32 0.00101041 4.1254e-05 0.0349299 0.0708197 0.0348381 26.9882
0.321 0.00101726 2.76098e-05 0.0349329 0.0708197 0.0348418 26.9912
0.322 0.00101337 2.75622e-05 0.0349347 0.0708197 0.0348441 26.9929
0.323 0.000999033 3.95972e-05 0.0349357 0.0708197 0.0348453 26.9938
0.324 0.000974928 6.19524e-05 0.0349366 0.0708197 0.0348462 26.9945
0.325 0.00094204 9.26827e-05 0.0349378 0.0708197 0.0348471 26.9953
0.326 0.00090163 0.000129729 0.0349397 0.0708197 0.0348486 26.9964
0.327 0.000855162 0.000170988 0.0349425 0.0708197 0.034851 26.9982
0.328 0.000804242 0.000214377 0.0349466 0.0708197 0.0348545 27.0009
0.329 0.00075055 0.000257897 0.034952 0.0708197 0.0348592 27.0046
0.33 0.000695772 0.000299693 0.0349588 0.0708197 0.0348654 27.0094
0.331 0.000641544 0.0003381 0.0349671 0.0708197 0.0348729 27.0152
0.332 0.000589388 0.000371687 0.0349767 0.0708197 0.0348819 27.0222
0.333 0.000540666 0.000399291 0.0349875 0.0708197 0.0348922 27.0301
0.334 0.00049654 0.000420035 0.0349995 0.0708197 0.0349036 27.039
0.335 0.000457937 0.000433344 0.0350124 0.0708197 0.034916 27.0486
0.336 0.000425528 0.000438948 0.0350259 0.0708197 0.0349292 27.0589
0.337 0.00039972 0.000436872 0.03504 0.0708197 0.0349431 27.0696
0.338 0.00038065 0.000427421 0.0350544 0.0708197 0.0349572 27.0805
0.339 0.000368196 0.000411156 0.0350687 0.0708197 0.0349716 27.0916
0.34 0.000361997 0.00038886 0.035083 0.0708197 0.0349858 27.1027
0.341 0.000361476 0.000361504 0.0350969 0.0708197 0.0349998 27.1135
0.342 0.000365871 0.000330201 0.0351102 0.0708197 0.0350134 27.124
0.343 0.000374278 0.000296163 0.0351229 0.0708197 0.0350263 27.1341
0.344 0.000385687 0.000260657 0.0351348 0.0708197 0.0350385 27.1435
0.345 0.000399028 0.000224953 0.0351458 0.0708197 0.0350499 27.1523
0.346 0.000413213 0.000190287 0.0351558 0.0708197 0.0350603 27.1604
0.347 0.000427178 0.000157815 0.0351649 0.0708197 0.0350698 27.1677
0.348 0.000439924 0.000128575 0.0351729 0.0708197 0.0350782 27.1743
0.349 0.000450547 0.000103464 0.03518 0.0708197 0.0350857 27.1801
0.35 0.000458275 8.32036e-05 0.035186 0.0708197 0.0350922 27.1851
0.351 0.000462485 6.83283e-05 0.0351911 0.0708197 0.0350977 27.1894
0.352 0.000462721 5.91731e-05 0.0351954 0.0708197 0.0351024 27.193
0.353 0.000458708 5.58701e-05 0.0351989 0.0708197 0.0351062 27.1959
0.354 0.000450349 5.83536e-05 0.0352017 0.0708197 0.0351093 27.1983
0.355 0.000437724 6.63697e-05 0.0352038 0.0708197 0.0351118 27.2002
0.356 0.000421079 7.94941e-05 0.0352054 0.0708197 0.0351136 27.2017
0.357 0.00040081 9.71535e-05 0.0352066 0.0708197 0.0351151 27.2028
0.358 0.000377441 0.000118652 0.0352075 0.0708197 0.0351161 27.2036
0.359 0.000351604 0.000143199 0.035208 0.0708197 0.0351168 27.2042
0.36 0.000324004 0.000169944 0.0352084 0.0708197 0.0351173 27.2046
0.361 0.000295396 0.000198003 0.0352086 0.0708197 0.0351176 27.2048
0.362 0.000266558 0.000226494 0.0352087 0.0708197 0.0351179 27.205
0.363 0.000238253 0.000254562 0.0352088 0.0708197 0.035118 27.2051
0.364 0.000211215 0.000281413 0.0352089 0.0708197 0.0351181 27.2052
0.365 0.000186113 0.000306328 0.035209 0.0708197 0.0351182 27.2053
0.366 0.000163537 0.000328693 0.0352091 0.0708197 0.0351183 27.2054
0.367 0.00014398 0.000348005 0.0352092 0.0708197 0.0351185 27.2054
0.368 0.000127822 0.000363888 0.0352093 0.0708197 0.0351186 27.2056
0.369 0.000115324 0.000376094 0.0352095 0.0708197 0.0351188 27.2057
0.37 0.000106621 0.000384508 0.0352096 0.0708197 0.0351189 27.2058
0.371 0.000101725 0.000389141 0.0352098 0.0708197 0.035119 27.2059
0.372 0.000100529 0.000390122 0.0352099 0.0708197 0.0351191 27.206
0.373 0.00010281 0.000387687 0.03521 0.0708197 0.0351192 27.206
0.374 0.00010825 0.000382163 0.03521 0.0708197 0.0351192 27.2061
0.375 0.000116439 0.000373952 0.03521 0.0708197 0.0351192 27.2061
0.376 0.000126899 0.000363511 0.03521 0.0708197 0.0351192 27.206
0.377 0.000139101 0.000351336 0.03521 0.0708197 0.0351192 27.206
0.378 0.00015248 0.000337934 0.0352101 0.0708197 0.0351192 27.206
0.379 0.000166459 0.000323813 0.0352102 0.0708197 0.0351192 27.206
0.38 0.000180463 0.00030946 0.0352104 0.0708197 0.0351193 27.2061
0.381 0.000193942 0.000295322 0.0352108 0.0708197 0.0351196 27.2063
0.382 0.000206383 0.000281799 0.0352114 0.0708197 0.03512 27.2067
0.383 0.00021733 0.000269225 0.0352123 0.0708197 0.0351208 27.2072
0.384 0.00022639 0.000257867 0.0352136 0.0708197 0.0351218 27.208
0.385 0.000233249 0.000247912 0.0352153 0.0708197 0.0351232 27.2091
0.386 0.000237673 0.000239471 0.0352174 0.0708197 0.0351251 27.2106
0.387 0.000239518 0.000232578 0.0352201 0.0708197 0.0351275 27.2124
0.388 0.000238727 0.000227192 0.0352233 0.0708197 0.0351304 27.2147
0.389 0.000235332 0.000223204 0.0352272 0.0708197 0.035134 27.2175
0.39 0.000229446 0.000220445 0.0352316 0.0708197 0.0351381 27.2207
0.391 0.000221256 0.000218699 0.0352368 0.0708197 0.0351429 27.2244
0.392 0.000211017 0.000217709 0.0352425 0.0708197 0.0351484 27.2286
0.393 0.000199039 0.000217196 0.0352489 0.0708197 0.0351545 27.2333
0.394 0.000185675 0.000216865 0.0352559 0.0708197 0.0351612 27.2385
0.395 0.000171307 0.000216424 0.0352635 0.0708197 0.0351685 27.2442
0.396 0.000156334 0.000215591 0.0352715 0.0708197 0.0351763 27.2502
0.397 0.000141155 0.000214108 0.0352799 0.0708197 0.0351845 27.2566
0.398 0.00012616 0.000211751 0.0352887 0.0708197 0.0351931 27.2633
0.399 0.000111716 0.000208334 0.0352976 0.0708197 0.035202 27.2701
0.4 9.81528e-05 0.00020372 0.0353068 0.0708197 0.035211 27.2772
0.401 8.57594e-05 0.000197823 0.0353159 0.0708197 0.0352202 27.2842
0.402 7.47724e-05 0.00019061 0.035325 0.0708197 0.0352293 27.2913
0.403 6.53724e-05 0.0001821 0.0353339 0.0708197 0.0352383 27.2983
0.404 5.76804e-05 0.000172363 0.0353425 0.0708197 0.0352471 27.3051
0.405 5.17569e-05 0.000161516 0.0353509 0.0708197 0.0352555 27.3116
0.406 4.7603e-05 0.000149718 0.0353587 0.0708197 0.0352636 27.3179
0.407 4.51638e-05 0.000137161 0.0353661 0.0708197 0.0352712 27.3238
0.408 4.43328e-05 0.000124065 0.0353729 0.0708197 0.0352783 27.3293
0.409 4.49589e-05 0.000110668 0.0353792 0.0708197 0.0352848 27.3343
0.41 4.68536e-05 9.72179e-05 0.0353848 0.0708197 0.0352907 27.3389
0.411 4.97996e-05 8.39636e-05 0.0353898 0.0708197 0.035296 27.343
0.412 5.356e-05 7.1146e-05 0.0353942 0.0708197 0.0353007 27.3466
0.413 5.78873e-05 5.89911e-05 0.035398 0.0708197 0.0353048 27.3498
0.414 6.25325e-05 4.77026e-05 0.0354012 0.0708197 0.0353082 27.3524
0.415 6.72538e-05 3.74562e-05 0.0354038 0.0708197 0.0353111 27.3547
0.416 7.18244e-05 2.83947e-05 0.035406 0.0708197 0.0353135 27.3565
0.417 7.60392e-05 2.06248e-05 0.0354077 0.0708197 0.0353153 27.358
0.418 7.97207e-05 1.42151e-05 0.0354089 0.0708197 0.0353168 27.3591
0.419 8.27235e-05 9.19501e-06 0.0354099 0.0708197 0.0353179 27.3599
0.42 8.4937e-05 5.55585e-06 0.0354105 0.0708197 0.0353186 27.3605
0.421 8.62874e-05 3.25226e-06 0.035411 0.0708197 0.0353192 27.3609
0.422 8.6738e-05 2.20529e-06 0.0354112 0.0708197 0.0353195 27.3612
0.423 8.62878e-05 2.30611e-06 0.0354114 0.0708197 0.0353197 27.3613
0.424 8.49696e-05 3.42073e-06 0.0354115 0.0708197 0.0353198 27.3614
0.425 8.28466e-05 5.39509e-06 0.0354115 0.0708197 0.0353199 27.3615
0.426 8.00081e-05 8.06071e-06 0.0354116 0.0708197 0.03532 27.3615
0.427 7.65649e-05 1.12404e-05 0.0354118 0.0708197 0.0353201 27.3616
0.428 7.26439e-05 1.47543e-05 0.035412 0.0708197 0.0353203 27.3618
0.429 6.83823e-05 1.84251e-05 0.0354123 0.0708197 0.0353205 27.362
0.43 6.39224e-05 2.20837e-05 0.0354128 0.0708197 0.0353209 27.3623
0.431 5.94055e-05 2.55738e-05 0.0354133 0.0708197 0.0353214 27.3626
0.432 5.49672e-05 2.87563e-05 0.0354139 0.0708197 0.035322 27.3631
0.433 5.07324e-05 3.15126e-05 0.0354147 0.0708197 0.0353227 27.3637
0.434 4.68115e-05 3.37471e-05 0.0354156 0.0708197 0.0353235 27.3643
0.435 4.32971e-05 3.53897e-05 0.0354165 0.0708197 0.0353244 27.365
0.436 4.02611e-05 3.63957e-05 0.0354176 0.0708197 0.0353254 27.3658
0.437 3.77537e-05 3.6747e-05 0.0354187 0.0708197 0.0353265 27.3666
0.438 3.58023e-05 3.64503e-05 0.0354198 0.0708197 0.0353276 27.3675
0.439 3.44118e-05 3.55365e-05 0.035421 0.0708197 0.0353288 27.3684
0.44 3.35655e-05 3.40576e-05 0.0354221 0.0708197 0.0353299 27.3692
0.441 3.3227e-05 3.20844e-05 0.0354233 0.0708197 0.0353311 27.3701
0.442 3.33425e-05 2.97028e-05 0.0354244 0.0708197 0.0353322 27.371
0.443 3.38434e-05 2.70104e-05 0.0354255 0.0708197 0.0353333 27.3719
0.444 3.46504e-05 2.41122e-05 0.0354265 0.0708197 0.0353344 27.3727
0.445 3.56761e-05 2.11169e-05 0.0354275 0.0708197 0.0353354 27.3735
0.446 3.68295e-05 1.81329e-05 0.0354284 0.0708197 0.0353363 27.3742
0.447 3.8019e-05 1.52643e-05 0.0354292 0.0708197 0.0353371 27.3749
0.448 3.91565e-05 1.26077e-05 0.03543 0.0708197 0.0353379 27.3755
0.449 4.01601e-05 1.02488e-05 0.0354306 0.0708197 0.0353386 27.376
0.45 4.0957e-05 8.26041e-06 0.0354312 0.0708197 0.0353392 27.3765
0.451 4.14862e-05 6.7001e-06 0.0354317 0.0708197 0.0353398 27.3769
0.452 4.16996e-05 5.6089e-06 0.0354321 0.0708197 0.0353402 27.3772
0.453 4.15639e-05 5.01068e-06 0.0354325 0.0708197 0.0353406 27.3775
0.454 4.1061e-05 4.91202e-06 0.0354328 0.0708197 0.0353409 27.3778
0.455 4.01876e-05 5.30276e-06 0.035433 0.0708197 0.0353412 27.378
0.456 3.89553e-05 6.15707e-06 0.0354332 0.0708197 0.0353414 27.3781
0.457 3.73892e-05 7.43508e-06 0.0354333 0.0708197 0.0353415 27.3782
0.458 3.55265e-05 9.08479e-06 0.0354334 0.0708197 0.0353416 27.3783
0.459 3.34149e-05 1.10445e-05 0.0354335 0.0708197 0.0353417 27.3784
0.46 3.11098e-05 1.32451e-05 0.0354335 0.0708197 0.0353418 27.3784
0.461 2.86727e-05 1.56132e-05 0.0354335 0.0708197 0.0353418 27.3785
0.462 2.61685e-05 1.80733e-05 0.0354336 0.0708197 0.0353419 27.3785
0.463 2.36631e-05 2.05508e-05 0.0354336 0.0708197 0.0353419 27.3785
0.464 2.12208e-05 2.29739e-05 0.0354336 0.0708197 0.0353419 27.3785
0.465 1.89026e-05 2.52766e-05 0.0354336 0.0708197 0.0353419 27.3785
0.466 1.67638e-05 2.74e-05 0.0354336 0.0708197 0.0353419 27.3785
0.467 1.48526e-05 2.92939e-05 0.0354336 0.0708197 0.0353419 27.3785
0.468 1.32086e-05 3.09182e-05 0.0354336 0.0708197 0.0353419 27.3786
0.469 1.18615e-05 3.22436e-05 0.0354336 0.0708197 0.0353419 27.3786
0.47 1.08311e-05 3.32517e-05 0.0354336 0.0708197 0.0353419 27.3786
0.471 1.01265e-05 3.39352e-05 0.0354336 0.0708197 0.035342 27.3786
0.472 9.74605e-06 3.42973e-05 0.0354337 0.0708197 0.035342 27.3786
0.473 9.67834e-06 3.43512e-05 0.0354337 0.0708197 0.035342 27.3786
0.474 9.90245e-06 3.41186e-05 0.0354337 0.0708197 0.035342 27.3786
0.475 1.03891e-05 3.36288e-05 0.0354337 0.0708197 0.035342 27.3786
0.476 1.1102e-05 3.29169e-05 0.0354337 0.0708197 0.035342 27.3786
0.477 1.19989e-05 3.20224e-05 0.0354337 0.0708197 0.035342 27.3786
0.478 1.30338e-05 3.09875e-05 0.0354337 0.0708197 0.035342 27.3786
0.479 1.41578e-05 2.98552e-05 0.0354337 0.0708197 0.035342 27.3786
0.48 1.53213e-05 2.8668e-05 0.0354337 0.0708197 0.035342 27.3786
0.481 1.64753e-05 2.74664e-05 0.0354337 0.0708197 0.035342 27.3786
0.482 1.75734e-05 2.62874e-05 0.0354338 0.0708197 0.035342 27.3786
0.483 1.85724e-05 2.51632e-05 0.0354338 0.0708197 0.0353421 27.3787
0.484 1.94345e-05 2.41209e-05 0.0354339 0.0708197 0.0353422 27.3787
0.485 2.01274e-05 2.31812e-05 0.0354341 0.0708197 0.0353423 27.3788
0.486 2.06259e-05 2.23586e-05 0.0354342 0.0708197 0.0353424 27.3789
0.487 2.09119e-05 2.16607e-05 0.0354345 0.0708197 0.0353426 27.3791
0.488 2.0975e-05 2.10888e-05 0.0354347 0.0708197 0.0353429 27.3793
0.489 2.08124e-05 2.06379e-05 0.0354351 0.0708197 0.0353432 27.3795
0.49 2.04287e-05 2.02977e-05 0.0354354 0.0708197 0.0353435 27.3798
0.491 1.98357e-05 2.00529e-05 0.0354359 0.0708197 0.0353439 27.3801
0.492 1.90511e-05 1.98844e-05 0.0354364 0.0708197 0.0353444 27.3804
0.493 1.80985e-05 1.97703e-05 0.0354369 0.0708197 0.0353449 27.3809
0.494 1.70058e-05 1.96866e-05 0.0354375 0.0708197 0.0353455 27.3813
0.495 1.58041e-05 1.96089e-05 0.0354382 0.0708197 0.0353461 27.3818
0.496 1.45269e-05 1.95129e-05 0.0354389 0.0708197 0.0353468 27.3823
0.497 1.32088e-05 1.93757e-05 0.0354396 0.0708197 0.0353475 27.3829
0.498 1.18839e-05 1.91766e-05 0.0354404 0.0708197 0.0353482 27.3834
0.499 1.05852e-05 1.88978e-05 0.0354412 0.0708197 0.035349 27.3841
0.5 9.34351e-06 1.85252e-05 0.035442 0.0708197 0.0353498 27.3847
0.501 8.18615e-06 1.80488e-05 0.0354428 0.0708197 0.0353506 27.3853
0.502 7.13662e-06 1.74628e-05 0.0354436 0.0708197 0.0353515 27.3859
0.503 6.21385e-06 1.67659e-05 0.0354444 0.0708197 0.0353523 27.3866
0.504 5.43182e-06 1.59613e-05 0.0354452 0.0708197 0.0353531 27.3872
0.505 4.79939e-06 1.50563e-05 0.035446 0.0708197 0.0353538 27.3878
0.506 4.32023e-06 1.40619e-05 0.0354467 0.0708197 0.0353546 27.3884
0.507 3.993e-06 1.29925e-05 0.0354474 0.0708197 0.0353553 27.3889
0.508 3.81168e-06 1.18653e-05 0.035448 0.0708197 0.035356 27.3894
0.509 3.76604e-06 1.06993e-05 0.0354486 0.0708197 0.0353566 27.3899
0.51 3.84217e-06 9.51506e-06 0.0354492 0.0708197 0.0353571 27.3903
0.511 4.02323e-06 8.33366e-06 0.0354496 0.0708197 0.0353577 27.3907
0.512 4.29013e-06 7.17605e-06 0.0354501 0.0708197 0.0353581 27.3911
0.513 4.62233e-06 6.06239e-06 0.0354505 0.0708197 0.0353585 27.3914
0.514 4.99861e-06 5.01139e-06 0.0354508 0.0708197 0.0353589 27.3917
0.515 5.39784e-06 4.03977e-06 0.0354511 0.0708197 0.0353592 27.3919
0.516 5.79968e-06 3.16178e-06 0.0354513 0.0708197 0.0353594 27.3921
0.517 6.18522e-06 2.38883e-06 0.0354515 0.0708197 0.0353596 27.3923
0.518 6.53756e-06 1.72922e-06 0.0354516 0.0708197 0.0353598 27.3924
0.519 6.84223e-06 1.188e-06 0.0354517 0.0708197 0.0353599 27.3925
0.52 7.08756e-06 7.66948e-07 0.0354518 0.0708197 0.03536 27.3926
0.521 7.26489e-06 4.64591e-07 0.0354519 0.0708197 0.0353601 27.3926
0.522 7.3687e-06 2.76409e-07 0.0354519 0.0708197 0.0353601 27.3926
0.523 7.39658e-06 1.95082e-07 0.0354519 0.0708197 0.0353601 27.3927
0.524 7.34912e-06 2.10819e-07 0.0354519 0.0708197 0.0353602 27.3927
0.525 7.22972e-06 3.11762e-07 0.0354519 0.0708197 0.0353602 27.3927
0.526 7.04427e-06 4.84427e-07 0.035452 0.0708197 0.0353602 27.3927
0.527 6.80075e-06 7.14188e-07 0.035452 0.0708197 0.0353602 27.3927
0.528 6.50889e-06 9.85767e-07 0.035452 0.0708197 0.0353602 27.3927
0.529 6.17962e-06 1.28373e-06 0.035452 0.0708197 0.0353602 27.3927
0.53 5.82466e-06 1.59297e-06 0.035452 0.0708197 0.0353602 27.3927
0.531 5.45599e-06 1.89914e-06 0.035452 0.0708197 0.0353603 27.3928
0.532 5.08541e-06 2.1891e-06 0.0354521 0.0708197 0.0353603 27.3928
0.533 4.72413e-06 2.45119e-06 0.0354521 0.0708197 0.0353603 27.3928
0.534 4.38234e-06 2.67562e-06 0.0354522 0.0708197 0.0353604 27.3929
0.535 4.06894e-06 2.85461e-06 0.0354523 0.0708197 0.0353605 27.3929
0.536 3.79121e-06 2.98255e-06 0.0354523 0.0708197 0.0353605 27.393
0.537 3.55468e-06 3.0561e-06 0.0354524 0.0708197 0.0353606 27.393
0.538 3.363e-06 3.07413e-06 0.0354525 0.0708197 0.0353607 27.3931
0.539 3.2179e-06 3.03768e-06 0.0354526 0.0708197 0.0353608 27.3932
0.54 3.11921e-06 2.94979e-06 0.0354527 0.0708197 0.0353609 27.3932
0.541 3.06498e-06 2.8153e-06 0.0354528 0.0708197 0.035361 27.3933
0.542 3.05168e-06 2.64059e-06 0.0354529 0.0708197 0.0353611 27.3934
0.543 3.07434e-06 2.43326e-06 0.035453 0.0708197 0.0353612 27.3935
0.544 3.12688e-06 2.20182e-06 0.0354531 0.0708197 0.0353613 27.3935
0.545 3.20236e-06 1.95537e-06 0.0354532 0.0708197 0.0353613 27.3936
0.546 3.29331e-06 1.70319e-06 0.0354532 0.0708197 0.0353614 27.3937
0.547 3.39203e-06 1.45448e-06 0.0354533 0.0708197 0.0353615 27.3937
0.548 3.49086e-06 1.21796e-06 0.0354534 0.0708197 0.0353616 27.3938
0.549 3.58255e-06 1.00167e-06 0.0354534 0.0708197 0.0353616 27.3938
0.55 3.66041e-06 8.12626e-07 0.0354535 0.0708197 0.0353617 27.3939
0.551 3.71864e-06 6.56702e-07 0.0354535 0.0708197 0.0353617 27.3939
0.552 3.75243e-06 5.38424e-07 0.0354536 0.0708197 0.0353618 27.3939
0.553 3.75814e-06 4.60892e-07 0.0354536 0.0708197 0.0353618 27.394
0.554 3.73336e-06 4.25731e-07 0.0354536 0.0708197 0.0353619 27.394
0.555 3.67698e-06 4.33102e-07 0.0354537 0.0708197 0.0353619 27.394
0.556 3.58913e-06 4.81761e-07 0.0354537 0.0708197 0.0353619 27.394
0.557 3.47115e-06 5.69165e-07 0.0354537 0.0708197 0.0353619 27.394
0.558 3.32551e-06 6.91618e-07 0.0354537 0.0708197 0.0353619 27.3941
0.559 3.15565e-06 8.44445e-07 0.0354537 0.0708197 0.0353619 27.3941
0.56 2.96581e-06 1.0222e-06 0.0354537 0.0708197 0.0353619 27.3941
0.561 2.76088e-06 1.21889e-06 0.0354537 0.0708197 0.035362 27.3941
0.562 2.54617e-06 1.42819e-06 0.0354537 0.0708197 0.035362 27.3941
0.563 2.32726e-06 1.64367e-06 0.0354537 0.0708197 0.035362 27.3941
0.564 2.10971e-06 1.85901e-06 0.0354537 0.0708197 0.035362 27.3941
0.565 1.89896e-06 2.06823e-06 0.0354537 0.0708197 0.035362 27.3941
0.566 1.70008e-06 2.26584e-06 0.0354537 0.0708197 0.035362 27.3941
0.567 1.51765e-06 2.44699e-06 0.0354537 0.0708197 0.035362 27.3941
0.568 1.3556e-06 2.60761e-06 0.0354537 0.0708197 0.035362 27.3941
0.569 1.21712e-06 2.74451e-06 0.0354537 0.0708197 0.035362 27.3941
0.57 1.10454e-06 2.8554e-06 0.0354537 0.0708197 0.035362 27.3941
0.571 1.01933e-06 2.93894e-06 0.0354537 0.0708197 0.035362 27.3941
0.572 9.62057e-07 2.99472e-06 0.0354537 0.0708197 0.035362 27.3941
0.573 9.32383e-07 3.02319e-06 0.0354537 0.0708197 0.035362 27.3941
0.574 9.2913e-07 3.02566e-06 0.0354537 0.0708197 0.035362 27.3941
0.575 9.50331e-07 3.0041e-06 0.0354537 0.0708197 0.035362 27.3941
0.576 9.93327e-07 2.96111e-06 0.0354537 0.0708197 0.035362 27.3941
0.577 1.05487e-06 2.89977e-06 0.0354537 0.0708197 0.035362 27.3941
0.578 1.13126e-06 2.82347e-06 0.0354537 0.0708197 0.035362 27.3941
0.579 1.21845e-06 2.7358e-06 0.0354537 0.0708197 0.035362 27.3941
0.58 1.31224e-06 2.64041e-06 0.0354537 0.0708197 0.035362 27.3941
0.581 1.40836e-06 2.54085e-06 0.0354537 0.0708197 0.035362 27.3941
0.582 1.50266e-06 2.44047e-06 0.0354537 0.0708197 0.035362 27.3941
0.583 1.59119e-06 2.34231e-06 0.0354538 0.0708197 0.035362 27.3941
0.584 1.67037e-06 2.249e-06 0.0354538 0.0708197 0.035362 27.3941
0.585 1.73705e-06 2.16268e-06 0.0354538 0.0708197 0.035362 27.3941
0.586 1.78864e-06 2.08498e-06 0.0354538 0.0708197 0.035362 27.3941
0.587 1.82311e-06 2.01697e-06 0.0354538 0.0708197 0.035362 27.3941
0.588 1.83911e-06 1.95917e-06 0.0354538 0.0708197 0.035362 27.3941
0.589 1.83592e-06 1.91156e-06 0.0354539 0.0708197 0.0353621 27.3942
0.59 1.81349e-06 1.87359e-06 0.0354539 0.0708197 0.0353621 27.3942
0.591 1.77241e-06 1.8443e-06 0.0354539 0.0708197 0.0353621 27.3942
0.592 1.71384e-06 1.82232e-06 0.035454 0.0708197 0.0353622 27.3942
0.593 1.63946e-06 1.80598e-06 0.035454 0.0708197 0.0353622 27.3943
0.594 1.55142e-06 1.79342e-06 0.0354541 0.0708197 0.0353623 27.3943
0.595 1.45221e-06 1.78261e-06 0.0354541 0.0708197 0.0353623 27.3943
0.596 1.34458e-06 1.77152e-06 0.0354542 0.0708197 0.0353624 27.3944
0.597 1.23144e-06 1.75815e-06 0.0354542 0.0708197 0.0353624 27.3944
0.598 1.11575e-06 1.74064e-06 0.0354543 0.0708197 0.0353625 27.3945
0.599 1.00043e-06 1.71735e-06 0.0354544 0.0708197 0.0353626 27.3945
0.6 8.88245e-07 1.68688e-06 0.0354544 0.0708197 0.0353626 27.3946
