0.001 1.05169e-25 -4.22854e-25 2.17968e-27 0 3.15506e-25 0
0.002 1.15245e-24 -1.55786e-24 1.11729e-26 0 3.94239e-25 0
0.003 4.2304e-24 -4.80758e-24 3.70374e-26 0 5.40142e-25 0
0.004 1.12064e-23 -1.21007e-23 9.16173e-26 0 8.02635e-25 0
0.005 2.53957e-23 -2.68675e-23 2.06306e-25 0 1.26555e-24 0
0.006 5.25985e-23 -5.51304e-23 4.47541e-25 0 2.08429e-24 0
0.007 1.02874e-22 -1.0734e-22 9.33446e-25 0 3.53269e-24 0
0.008 1.93529e-22 -2.01467e-22 1.86351e-24 0 6.07488e-24 0
0.009 3.5413e-22 -3.68192e-22 3.57531e-24 0 1.04872e-23 0
0.01 6.34847e-22 -6.59558e-22 6.64427e-24 0 1.80668e-23 0
0.011 1.12031e-21 -1.16334e-21 1.20546e-23 0 3.09797e-23 0
0.012 1.95247e-21 -2.02678e-21 2.14815e-23 0 5.28333e-23 0
0.013 3.36821e-21 -3.49557e-21 3.77528e-23 0 8.96075e-23 0
0.014 5.7609e-21 -5.97768e-21 6.56153e-23 0 1.51165e-22 0
0.015 9.78069e-21 -1.01474e-20 1.12988e-22 0 2.53693e-22 0
0.016 1.64971e-20 -1.71137e-20 1.92998e-22 0 4.23638e-22 0
0.017 2.76617e-20 -2.8693e-20 3.27305e-22 0 7.03995e-22 0
0.018 4.613e-20 -4.78459e-20 5.51466e-22 0 1.16436e-21 0
0.019 7.65371e-20 -7.93776e-20 9.23606e-22 0 1.91689e-21 0
0.02 1.26373e-19 -1.31053e-19 1.53834e-21 0 3.1416e-21 0
0.021 2.07689e-19 -2.15364e-19 2.54903e-21 0 5.12615e-21 0
0.022 3.39788e-19 -3.52319e-19 4.20315e-21 0 8.32834e-21 0
0.023 5.53459e-19 -5.73831e-19 6.89839e-21 0 1.34736e-20 0
0.024 8.97595e-19 -9.30573e-19 1.1271e-20 0 2.17067e-20 0
0.025 1.4495e-18 -1.50266e-18 1.83345e-20 0 3.48263e-20 0
0.026 2.33085e-18 -2.4162e-18 2.96964e-20 0 5.56465e-20 0
0.027 3.7324e-18 -3.86885e-18 4.78956e-20 0 8.85517e-20 0
0.028 5.95178e-18 -6.16905e-18 7.69249e-20 0 1.40344e-19 0
0.029 9.45147e-18 -9.79604e-18 1.23037e-19 0 2.21531e-19 0
0.03 1.49469e-17 -1.54911e-17 1.9598e-19 0 3.48278e-19 0
0.031 2.35399e-17 -2.43961e-17 3.10893e-19 0 5.45349e-19 0
0.032 3.69202e-17 -3.82619e-17 4.91179e-19 0 8.50519e-19 0
0.033 5.76674e-17 -5.97614e-17 7.72868e-19 0 1.32117e-18 1.11772
0.034 8.97026e-17 -9.29579e-17 1.21119e-18 0 2.04409e-18 1.11169
0.035 1.3896e-16 -1.44e-16 1.89045e-18 0 3.15001e-18 1.10585
0.036 2.14378e-16 -2.22152e-16 2.93876e-18 0 4.83501e-18 1.10019
0.037 3.29368e-16 -3.4131e-16 4.55001e-18 0 7.39192e-18 1.09473
0.038 5.03952e-16 -5.22225e-16 7.01637e-18 0 1.12563e-17 1.08946
0.039 7.679e-16 -7.95749e-16 1.07762e-17 0 1.7073e-17 1.0844
0.04 1.16527e-15 -1.20754e-15 1.64842e-17 0 2.57932e-17 1.07953
0.041 1.76097e-15 -1.8249e-15 2.51147e-17 0 3.88135e-17 1.07488
0.042 2.65021e-15 -2.7465e-15 3.811e-17 0 5.8176e-17 1.07043
0.043 3.97203e-15 -4.11648e-15 5.75976e-17 0 8.68539e-17 1.0662
0.044 5.92849e-15 -6.14435e-15 8.67009e-17 0 1.29158e-16 1.06219
0.045 8.81202e-15 -9.13332e-15 1.29986e-16 0 1.91311e-16 1.05841
0.046 1.30438e-14 -1.35202e-14 1.94099e-16 0 2.82259e-16 1.05485
0.047 1.92278e-14 -1.99312e-14 2.8867e-16 0 4.14806e-16 1.05154
0.048 2.82258e-14 -2.92606e-14 4.27595e-16 0 6.07204e-16 1.04846
0.049 4.12627e-14 -4.27789e-14 6.30837e-16 0 8.85352e-16 1.04562
0.05 6.007e-14 -6.22828e-14 9.26942e-16 0 1.28586e-15 1.04304
0.051 8.70855e-14 -9.03023e-14 1.35656e-15 0 1.86021e-15 1.04071
0.052 1.25725e-13 -1.30383e-13 1.97732e-15 0 2.68059e-15 1.03865
0.053 1.8075e-13 -1.87468e-13 2.87055e-15 0 3.84766e-15 1.03686
0.054 2.58773e-13 -2.68424e-13 4.15051e-15 0 5.50124e-15 1.03534
0.055 3.68924e-13 -3.82736e-13 5.97707e-15 0 7.83476e-15 1.0341
0.056 5.23761e-13 -5.43448e-13 8.57279e-15 0 1.11146e-14 1.03316
0.057 7.40463e-13 -7.68415e-13 1.22463e-14 0 1.57058e-14 1.03252
0.058 1.04243e-12 -1.08196e-12 1.74234e-14 0 2.21072e-14 1.03218
0.059 1.46136e-12 -1.51704e-12 2.46893e-14 0 3.09965e-14 1.03215
0.06 2.04001e-12 -2.11815e-12 3.4844e-14 0 4.3291e-14 1.03246
0.061 2.83579e-12 -2.94499e-12 4.89771e-14 0 6.02267e-14 1.03309
0.062 3.92532e-12 -4.07735e-12 6.8565e-14 0 8.34622e-14 1.03407
0.063 5.41046e-12 -5.62127e-12 9.55991e-14 0 1.15213e-13 1.0354
0.064 7.42586e-12 -7.71704e-12 1.32754e-13 0 1.58424e-13 1.0371
0.065 1.01487e-11 -1.05493e-11 1.83604e-13 0 2.16997e-13 1.03917
0.066 1.38109e-11 -1.43599e-11 2.52906e-13 0 2.96072e-13 1.04164
0.067 1.87145e-11 -1.94638e-11 3.46956e-13 0 4.02398e-13 1.04451
0.068 2.52506e-11 -2.62695e-11 4.74054e-13 0 5.44789e-13 1.04779
0.069 3.39238e-11 -3.53036e-11 6.45089e-13 0 7.3471e-13 1.0515
0.07 4.53804e-11 -4.72417e-11 8.74274e-13 0 9.87005e-13 1.05566
0.071 6.0445e-11 -6.29458e-11 1.18008e-12 0 1.32081e-12 1.06028
0.072 8.01634e-11 -8.35104e-11 1.58639e-12 0 1.76066e-12 1.06539
0.073 1.05855e-10 -1.10317e-10 2.12393e-12 0 2.33792e-12 1.07099
0.074 1.39175e-10 -1.45099e-10 2.83208e-12 0 3.09244e-12 1.07711
0.075 1.82188e-10 -1.90023e-10 3.76097e-12 0 4.07466e-12 1.08377
0.076 2.37456e-10 -2.47778e-10 4.97423e-12 0 5.34811e-12 1.09099
0.077 3.08138e-10 -3.21682e-10 6.55209e-12 0 6.99242e-12 1.09879
0.078 3.98107e-10 -4.1581e-10 8.59532e-12 0 9.10696e-12 1.10721
0.079 5.12086e-10 -5.35131e-10 1.12298e-11 0 1.18151e-11 1.11627
0.08 6.55794e-10 -6.85675e-10 1.46118e-11 0 1.52694e-11 1.12599
0.081 8.36116e-10 -8.74708e-10 1.89348e-11 0 1.96572e-11 1.13641
0.082 1.06129e-09 -1.11093e-09 2.44366e-11 0 2.52081e-11 1.14757
0.083 1.3411e-09 -1.40471e-09 3.14081e-11 0 3.22016e-11 1.15949
0.084 1.68711e-09 -1.76829e-09 4.02033e-11 0 4.09761e-11 1.17222
0.085 2.11286e-09 -2.21605e-09 5.12507e-11 0 5.19397e-11 1.18579
0.086 2.63412e-09 -2.76477e-09 6.50661e-11 0 6.55818e-11 1.20026
0.087 3.26911e-09 -3.43387e-09 8.22668e-11 0 8.24862e-11 1.21567
0.088 4.03872e-09 -4.24565e-09 1.03588e-10 0 1.03346e-10 1.23207
0.089 4.96669e-09 -5.22556e-09 1.29898e-10 0 1.28978e-10 1.24953
0.09 6.07981e-09 -6.40238e-09 1.62222e-10 0 1.60342e-10 1.26809
0.091 7.40804e-09 -7.80835e-09 2.01754e-10 0 1.98559e-10 1.28783
0.092 8.9845e-09 -9.47931e-09 2.49887e-10 0 2.44928e-10 1.30882
0.093 1.08455e-08 -1.14547e-08 3.08226e-10 0 3.00949e-10 1.33114
0.094 1.30305e-08 -1.37774e-08 3.78615e-10 0 3.68341e-10 1.35487
0.095 1.55815e-08 -1.64937e-08 4.63157e-10 0 4.49065e-10 1.38011
0.096 1.85432e-08 -1.96528e-08 5.64232e-10 0 5.45339e-10 1.40696
0.097 2.19619e-08 -2.33061e-08 6.84518e-10 0 6.59662e-10 1.43553
0.098 2.58851e-08 -2.75069e-08 8.27003e-10 0 7.94821e-10 1.46594
0.099 3.03603e-08 -3.23093e-08 9.95e-10 0 9.53914e-10 1.49834
0.1 3.54341e-08 -3.77666e-08 1.19215e-09 0 1.14035e-09 1.53287
0.101 4.11505e-08 -4.39308e-08 1.42242e-09 0 1.35785e-09 1.5697
0.102 4.75496e-08 -5.08501e-08 1.6901e-09 0 1.61046e-09 1.60901
0.103 5.46655e-08 -5.85678e-08 1.99978e-09 0 1.90251e-09 1.65101
0.104 6.25246e-08 -6.71195e-08 2.35633e-09 0 2.23862e-09 1.69592
0.105 7.11431e-08 -7.65316e-08 2.76485e-09 0 2.62366e-09 1.744
0.106 8.05251e-08 -8.68184e-08 3.23062e-09 0 3.0627e-09 1.79552
0.107 9.06601e-08 -9.79801e-08 3.75904e-09 0 3.56096e-09 1.85082
0.108 1.01521e-07 -1.1e-07 4.35557e-09 0 4.12376e-09 1.91024
0.109 1.1306e-07 -1.22842e-07 5.02557e-09 0 4.75641e-09 1.9742
0.11 1.25212e-07 -1.3645e-07 5.77428e-09 0 5.46413e-09 2.04315
0.111 1.37885e-07 -1.50743e-07 6.60663e-09 0 6.25194e-09 2.11762
0.112 1.50965e-07 -1.65617e-07 7.52716e-09 0 7.12455e-09 2.19819
0.113 1.64316e-07 -1.80942e-07 8.53982e-09 0 8.08622e-09 2.28555
0.114 1.77773e-07 -1.96561e-07 9.64789e-09 0 9.14063e-09 2.38048
0.115 1.9115e-07 -2.12295e-07 1.08538e-08 0 1.02907e-08 2.48388
0.116 2.0424e-07 -2.27937e-07 1.21589e-08 0 1.15385e-08 2.5968
0.117 2.16814e-07 -2.43263e-07 1.35634e-08 0 1.28851e-08 2.72044
0.118 2.2863e-07 -2.58027e-07 1.50664e-08 0 1.43303e-08 2.85623
0.119 2.39433e-07 -2.71971e-07 1.66653e-08 0 1.58728e-08 3.00582
0.12 2.48963e-07 -2.84829e-07 1.83562e-08 0 1.75096e-08 3.17119
0.121 2.56963e-07 -2.96333e-07 2.01334e-08 0 1.92365e-08 3.35464
0.122 2.63182e-07 -3.0622e-07 2.19898e-08 0 2.10475e-08 3.55897
0.123 2.67389e-07 -3.14241e-07 2.39166e-08 0 2.2935e-08 3.78748
0.124 2.69376e-07 -3.20169e-07 2.59032e-08 0 2.48899e-08 4.04419
0.125 2.68969e-07 -3.23808e-07 2.79377e-08 0 2.69015e-08 4.33395
0.126 2.66039e-07 -3.25003e-07 3.00065e-08 0 2.89574e-08 4.66266
0.127 2.60507e-07 -3.23647e-07 3.20951e-08 0 3.10441e-08 4.99866
0.128 2.52354e-07 -3.19688e-07 3.41878e-08 0 3.31468e-08 5.33723
0.129 2.41625e-07 -3.13142e-07 3.62679e-08 0 3.52495e-08 5.67581
0.13 2.28438e-07 -3.04093e-07 3.83187e-08 0 3.73359e-08 6.01174
0.131 2.12985e-07 -2.92696e-07 4.03229e-08 0 3.93888e-08 6.3423
0.132 1.95533e-07 -2.79188e-07 4.22637e-08 0 4.13911e-08 6.66472
0.133 1.76427e-07 -2.63878e-07 4.41248e-08 0 4.33262e-08 6.9763
0.134 1.56081e-07 -2.4715e-07 4.58908e-08 0 4.51778e-08 7.27444
0.135 1.3498e-07 -2.29459e-07 4.7548e-08 0 4.69308e-08 7.5567
0.136 1.13666e-07 -2.11321e-07 4.9084e-08 0 4.85715e-08 7.82088
0.137 9.27278e-08 -1.93304e-07 5.04887e-08 0 5.00879e-08 8.06505
0.138 7.27937e-08 -1.76019e-07 5.17546e-08 0 5.14703e-08 8.28764
0.139 5.45113e-08 -1.60099e-07 5.28766e-08 0 5.27113e-08 8.48747
0.14 3.85344e-08 -1.46193e-07 5.38524e-08 0 5.38064e-08 8.66379
0.141 2.55049e-08 -1.34942e-07 5.46831e-08 0 5.47537e-08 8.81633
0.142 1.60355e-08 -1.26963e-07 5.53725e-08 0 5.55547e-08 8.9453
0.143 1.06913e-08 -1.22833e-07 5.59276e-08 0 5.62137e-08 9.05142
0.144 9.97358e-09 -1.2307e-07 5.63583e-08 0 5.67383e-08 9.13588
0.145 1.4303e-08 -1.28119e-07 5.66774e-08 0 5.71388e-08 9.20038
0.146 2.40056e-08 -1.38334e-07 5.69002e-08 0 5.74287e-08 9.24705
0.147 3.93011e-08 -1.53969e-07 5.7044e-08 0 5.76237e-08 9.27845
0.148 6.02933e-08 -1.75163e-07 5.71283e-08 0 5.77418e-08 9.29746
0.149 8.6964e-08 -2.0194e-07 5.71737e-08 0 5.78028e-08 9.30729
0.15 1.1917e-07 -2.342e-07 5.72017e-08 0 5.7828e-08 9.31134
0.151 1.56645e-07 -2.71718e-07 5.72345e-08 0 5.78393e-08 9.31316
0.152 1.99e-07 -3.14153e-07 5.72938e-08 0 5.78591e-08 9.31635
0.153 2.45738e-07 -3.61048e-07 5.7401e-08 0 5.79096e-08 8.71887
0.154 2.96256e-07 -4.11844e-07 5.75762e-08 0 5.80124e-08 7.57662
0.155 3.49864e-07 -4.6589e-07 5.78381e-08 0 5.81877e-08 6.66074
0.156 4.05802e-07 -5.2246e-07 5.82033e-08 0 5.84543e-08 5.92563
0.157 4.63252e-07 -5.80767e-07 5.8686e-08 0 5.88285e-08 5.33493
0.158 5.21362e-07 -6.39985e-07 5.9298e-08 0 5.93247e-08 4.86011
0.159 5.79263e-07 -6.99266e-07 6.00481e-08 0 5.99541e-08 4.47894
0.16 6.3609e-07 -7.57758e-07 6.09423e-08 0 6.07253e-08 4.17416
0.161 6.91e-07 -8.14627e-07 6.19834e-08 0 6.16436e-08 3.93233
0.162 7.43188e-07 -8.69071e-07 6.31712e-08 0 6.27113e-08 3.743
0.163 7.91908e-07 -9.20339e-07 6.45029e-08 0 6.39278e-08 3.59802
0.164 8.36482e-07 -9.67744e-07 6.59727e-08 0 6.52893e-08 3.49104
0.165 8.76314e-07 -1.01068e-06 6.75725e-08 0 6.67895e-08 3.4171
0.166 9.109e-07 -1.04861e-06 6.92918e-08 0 6.84193e-08 3.3724
0.167 9.39829e-07 -1.08112e-06 7.11185e-08 0 7.01678e-08 3.354
0.168 9.62796e-07 -1.10786e-06 7.30388e-08 0 7.2022e-08 3.35972
0.169 9.79593e-07 -1.1286e-06 7.50378e-08 0 7.39675e-08 3.38799
0.17 9.90116e-07 -1.1432e-06 7.71001e-08 0 7.59891e-08 3.43777
0.171 9.94354e-07 -1.15163e-06 7.92096e-08 0 7.80706e-08 3.50848
0.172 9.92389e-07 -1.15394e-06 8.13504e-08 0 8.01958e-08 3.59998
0.173 9.84389e-07 -1.15024e-06 8.35071e-08 0 8.23485e-08 3.69661
0.174 9.70595e-07 -1.14077e-06 8.56646e-08 0 8.45131e-08 3.79378
0.175 9.51319e-07 -1.1258e-06 8.7809e-08 0 8.66747e-08 3.89081
0.176 9.26929e-07 -1.10568e-06 8.99276e-08 0 8.88194e-08 3.98709
0.177 8.97844e-07 -1.08079e-06 9.20089e-08 0 9.09347e-08 4.08204
0.178 8.64521e-07 -1.05157e-06 9.40429e-08 0 9.30094e-08 4.17518
0.179 8.2745e-07 -1.0185e-06 9.60212e-08 0 9.50341e-08 4.26607
0.18 7.87142e-07 -9.8208e-07 9.7937e-08 0 9.70007e-08 4.35435
0.181 7.44127e-07 -9.42815e-07 9.97852e-08 0 9.89029e-08 4.43974
0.182 6.9894e-07 -9.01238e-07 1.01562e-07 0 1.00736e-07 4.52203
0.183 6.52119e-07 -8.57882e-07 1.03266e-07 0 1.02497e-07 4.60109
0.184 6.042e-07 -8.1328e-07 1.04896e-07 0 1.04185e-07 4.67684
0.185 5.55708e-07 -7.67958e-07 1.06452e-07 0 1.05798e-07 4.74927
0.186 5.07157e-07 -7.22433e-07 1.07937e-07 0 1.07339e-07 4.81843
0.187 4.59042e-07 -6.77204e-07 1.09353e-07 0 1.08809e-07 4.88442
0.188 4.11838e-07 -6.32754e-07 1.10705e-07 0 1.10211e-07 4.94737
0.189 3.65992e-07 -5.89538e-07 1.11996e-07 0 1.1155e-07 5.00748
0.19 3.21925e-07 -5.47988e-07 1.13232e-07 0 1.1283e-07 5.06494
0.191 2.80023e-07 -5.085e-07 1.1442e-07 0 1.14057e-07 5.11999
0.192 2.40637e-07 -4.71437e-07 1.15564e-07 0 1.15236e-07 5.1729
0.193 2.04077e-07 -4.37122e-07 1.16672e-07 0 1.16373e-07 5.22395
0.194 1.70612e-07 -4.05838e-07 1.17752e-07 0 1.17475e-07 5.27344
0.195 1.40463e-07 -3.77821e-07 1.18809e-07 0 1.18549e-07 5.32166
0.196 1.13803e-07 -3.53257e-07 1.19851e-07 0 1.19603e-07 5.36895
0.197 9.07549e-08 -3.32285e-07 1.20887e-07 0 1.20643e-07 5.41564
0.198 7.13896e-08 -3.14991e-07 1.21924e-07 0 1.21677e-07 5.46207
0.199 5.57242e-08 -3.01409e-07 1.22971e-07 0 1.22714e-07 5.50861
0.2 4.37232e-08 -2.9152e-07 1.24035e-07 0 1.23761e-07 5.55563
0.201 3.52994e-08 -2.85254e-07 1.25126e-07 0 1.24828e-07 5.60352
0.202 3.03154e-08 -2.82491e-07 1.26253e-07 0 1.25923e-07 5.65268
0.203 2.85868e-08 -2.83067e-07 1.27424e-07 0 1.27056e-07 5.70353
0.204 2.98864e-08 -2.86772e-07 1.2865e-07 0 1.28236e-07 5.7565
0.205 3.39484e-08 -2.93362e-07 1.2994e-07 0 1.29473e-07 5.81204
0.206 4.04751e-08 -3.02557e-07 1.31304e-07 0 1.30778e-07 5.87061
0.207 4.91424e-08 -3.14055e-07 1.32752e-07 0 1.32161e-07 5.93268
0.208 5.96073e-08 -3.27533e-07 1.34294e-07 0 1.33632e-07 5.99871
0.209 7.15154e-08 -3.42657e-07 1.35941e-07 0 1.35201e-07 6.06917
0.21 8.45081e-08 -3.59089e-07 1.37701e-07 0 1.3688e-07 6.14453
0.211 9.82306e-08 -3.76491e-07 1.39583e-07 0 1.38677e-07 6.22521
0.212 1.12339e-07 -3.94538e-07 1.41597e-07 0 1.40603e-07 6.31163
0.213 1.26507e-07 -4.1292e-07 1.43749e-07 0 1.42664e-07 6.40416
0.214 1.40432e-07 -4.31346e-07 1.46046e-07 0 1.44868e-07 6.50312
0.215 1.53842e-07 -4.49555e-07 1.48491e-07 0 1.47222e-07 6.60876
0.216 1.665e-07 -4.67316e-07 1.51089e-07 0 1.49728e-07 6.72127
0.217 1.78203e-07 -4.84431e-07 1.53839e-07 0 1.52389e-07 6.84072
0.218 1.88792e-07 -5.00738e-07 1.56741e-07 0 1.55205e-07 6.96711
0.219 1.98148e-07 -5.1611e-07 1.5979e-07 0 1.58172e-07 7.10032
0.22 2.06194e-07 -5.30459e-07 1.62979e-07 0 1.61286e-07 7.2401
0.221 2.12892e-07 -5.43729e-07 1.66299e-07 0 1.64538e-07 7.38608
0.222 2.18244e-07 -5.55899e-07 1.69738e-07 0 1.67917e-07 7.53776
0.223 2.22288e-07 -5.66976e-07 1.73279e-07 0 1.71409e-07 7.6945
0.224 2.25091e-07 -5.76993e-07 1.76906e-07 0 1.74996e-07 7.85554
0.225 2.26752e-07 -5.86007e-07 1.80596e-07 0 1.78659e-07 8.01998
0.226 2.27387e-07 -5.94089e-07 1.84327e-07 0 1.82376e-07 8.18681
0.227 2.27132e-07 -6.01326e-07 1.88073e-07 0 1.86121e-07 8.35493
0.228 2.26135e-07 -6.07809e-07 1.91807e-07 0 1.89867e-07 8.52312
0.229 2.24549e-07 -6.13636e-07 1.955e-07 0 1.93588e-07 8.69012
0.23 2.22525e-07 -6.18902e-07 1.99123e-07 0 1.97253e-07 8.85464
0.231 2.20215e-07 -6.23696e-07 2.02648e-07 0 2.00832e-07 9.01533
0.232 2.17758e-07 -6.28101e-07 2.06046e-07 0 2.04298e-07 9.17091
0.233 2.1528e-07 -6.32189e-07 2.09288e-07 0 2.07621e-07 9.32009
0.234 2.12892e-07 -6.36019e-07 2.12351e-07 0 2.10776e-07 9.46169
0.235 2.10685e-07 -6.39633e-07 2.15211e-07 0 2.13737e-07 9.59462
0.236 2.0873e-07 -6.43063e-07 2.17849e-07 0 2.16484e-07 9.71793
0.237 2.07075e-07 -6.46323e-07 2.2025e-07 0 2.18999e-07 9.83083
0.238 2.05745e-07 -6.49414e-07 2.22401e-07 0 2.21269e-07 9.93272
0.239 2.04744e-07 -6.52325e-07 2.24297e-07 0 2.23284e-07 10.0232
0.24 2.04055e-07 -6.55033e-07 2.25936e-07 0 2.25042e-07 10.1021
0.241 2.03643e-07 -6.57508e-07 2.27322e-07 0 2.26543e-07 10.1695
0.242 2.03455e-07 -6.59712e-07 2.28463e-07 0 2.27793e-07 10.2256
0.243 2.03424e-07 -6.61604e-07 2.29375e-07 0 2.28806e-07 10.271
0.244 2.03472e-07 -6.63144e-07 2.30075e-07 0 2.29596e-07 10.3065
0.245 2.03516e-07 -6.64291e-07 2.30588e-07 0 2.30187e-07 10.333
0.246 2.03467e-07 -6.65011e-07 2.30941e-07 0 2.30603e-07 10.3517
0.247 2.03235e-07 -6.65275e-07 2.31165e-07 0 2.30875e-07 10.3639
0.248 2.02735e-07 -6.65064e-07 2.31295e-07 0 2.31035e-07 10.3711
0.249 2.01884e-07 -6.64366e-07 2.31364e-07 0 2.31118e-07 10.3748
0.25 2.00613e-07 -6.63184e-07 2.31411e-07 0 2.3116e-07 10.3768
0.251 1.98858e-07 -6.6153e-07 2.31473e-07 0 2.312e-07 10.3785
0.252 1.96572e-07 -6.59429e-07 2.31585e-07 0 2.31273e-07 10.3818
0.253 1.93719e-07 -6.56917e-07 2.31783e-07 0 2.31415e-07 10.3882
0.254 1.90281e-07 -6.54042e-07 2.321e-07 0 2.31661e-07 10.3992
0.255 1.86253e-07 -6.5086e-07 2.32565e-07 0 2.32042e-07 10.4163
0.256 1.81645e-07 -6.47435e-07 2.33204e-07 0 2.32586e-07 10.4407
0.257 1.76482e-07 -6.43839e-07 2.3404e-07 0 2.33317e-07 10.4736
0.258 1.70802e-07 -6.40147e-07 2.35091e-07 0 2.34254e-07 10.5156
0.259 1.64654e-07 -6.36436e-07 2.36368e-07 0 2.35414e-07 10.5677
0.26 1.58098e-07 -6.32783e-07 2.3788e-07 0 2.36805e-07 10.6301
0.261 1.51201e-07 -6.29264e-07 2.3963e-07 0 2.38433e-07 10.7032
0.262 1.44036e-07 -6.25949e-07 2.41614e-07 0 2.40299e-07 10.787
0.263 1.36679e-07 -6.22904e-07 2.43828e-07 0 2.42398e-07 10.8812
0.264 1.29206e-07 -6.20184e-07 2.46259e-07 0 2.4472e-07 10.9854
0.265 1.21694e-07 -6.17838e-07 2.48892e-07 0 2.47252e-07 11.0991
0.266 1.14217e-07 -6.15904e-07 2.51709e-07 0 2.49978e-07 11.2215
0.267 1.06842e-07 -6.14407e-07 2.54689e-07 0 2.52877e-07 11.3516
0.268 9.96302e-08 -6.13364e-07 2.57808e-07 0 2.55926e-07 11.4885
0.269 9.2637e-08 -6.1278e-07 2.6104e-07 0 2.59102e-07 11.6311
0.27 8.59077e-08 -6.12646e-07 2.6436e-07 0 2.62379e-07 11.7781
0.271 7.9479e-08 -6.12948e-07 2.6774e-07 0 2.65728e-07 11.9285
0.272 7.33781e-08 -6.13658e-07 2.71155e-07 0 2.69125e-07 12.081
0.273 6.76233e-08 -6.14742e-07 2.74577e-07 0 2.72542e-07 12.2344
0.274 6.22239e-08 -6.16159e-07 2.77982e-07 0 2.75954e-07 12.3875
0.275 5.7181e-08 -6.17863e-07 2.81346e-07 0 2.79336e-07 12.5394
0.276 5.24884e-08 -6.19804e-07 2.84648e-07 0 2.82667e-07 12.6889
0.277 4.81336e-08 -6.21928e-07 2.87869e-07 0 2.85926e-07 12.8352
0.278 4.40992e-08 -6.24184e-07 2.90991e-07 0 2.89094e-07 12.9774
0.279 4.03637e-08 -6.2652e-07 2.94e-07 0 2.92156e-07 13.1149
0.28 3.6903e-08 -6.28885e-07 2.96883e-07 0 2.95099e-07 13.247
0.281 3.36919e-08 -6.31236e-07 2.99632e-07 0 2.97912e-07 13.3732
0.282 3.07049e-08 -6.3353e-07 3.02239e-07 0 3.00586e-07 13.4933
0.283 2.79175e-08 -6.35733e-07 3.04699e-07 0 3.03117e-07 13.6069
0.284 2.53071e-08 -6.37817e-07 3.0701e-07 0 3.05499e-07 13.7138
0.285 2.28539e-08 -6.39759e-07 3.09172e-07 0 3.07733e-07 13.8141
0.286 2.05414e-08 -6.41545e-07 3.11185e-07 0 3.09818e-07 13.9077
0.287 1.83567e-08 -6.43167e-07 3.13054e-07 0 3.11756e-07 13.9947
0.288 1.62909e-08 -6.44624e-07 3.14781e-07 0 3.13552e-07 14.0753
0.289 1.43391e-08 -6.45923e-07 3.16374e-07 0 3.1521e-07 14.1497
0.29 1.25002e-08 -6.47074e-07 3.17837e-07 0 3.16737e-07 14.2183
0.291 1.07765e-08 -6.48094e-07 3.19179e-07 0 3.18138e-07 14.2812
0.292 9.1734e-09 -6.49002e-07 3.20407e-07 0 3.19422e-07 14.3388
0.293 7.69854e-09 -6.49823e-07 3.21528e-07 0 3.20596e-07 14.3915
0.294 6.3614e-09 -6.50582e-07 3.22552e-07 0 3.21668e-07 14.4396
0.295 5.17246e-09 -6.51306e-07 3.23486e-07 0 3.22647e-07 14.4836
0.296 4.14242e-09 -6.52021e-07 3.24339e-07 0 3.2354e-07 14.5237
0.297 3.28146e-09 -6.52753e-07 3.25117e-07 0 3.24355e-07 14.5602
0.298 2.5986e-09 -6.53527e-07 3.25829e-07 0 3.251e-07 14.5937
0.299 2.10098e-09 -6.54364e-07 3.26481e-07 0 3.25782e-07 14.6243
0.3 1.79333e-09 -6.55282e-07 3.27081e-07 0 3.26408e-07 14.6524
0.301 1.67759e-09 -6.56296e-07 3.27634e-07 0 3.26984e-07 14.6783
0.302 1.75247e-09 -6.57416e-07 3.28147e-07 0 3.27516e-07 14.7022
0.303 2.01337e-09 -6.5865e-07 3.28625e-07 0 3.28011e-07 14.7244
0.304 2.45227e-09 -6.59999e-07 3.29073e-07 0 3.28473e-07 14.7451
0.305 3.0578e-09 -6.61461e-07 3.29496e-07 0 3.28908e-07 14.7646
0.306 3.81546e-09 -6.6303e-07 3.29897e-07 0 3.29318e-07 14.783
0.307 4.70793e-09 -6.64698e-07 3.3028e-07 0 3.29709e-07 14.8006
0.308 5.71546e-09 -6.6645e-07 3.3065e-07 0 3.30085e-07 14.8175
0.309 6.81642e-09 -6.68272e-07 3.31009e-07 0 3.30448e-07 14.8337
0.31 7.98779e-09 -6.70148e-07 3.31359e-07 0 3.30801e-07 14.8496
0.311 9.20582e-09 -6.72058e-07 3.31705e-07 0 3.31148e-07 14.8652
0.312 1.04466e-08 -6.73983e-07 3.32047e-07 0 3.3149e-07 14.8805
0.313 1.16866e-08 -6.75905e-07 3.32388e-07 0 3.3183e-07 14.8958
0.314 1.29036e-08 -6.77804e-07 3.3273e-07 0 3.3217e-07 14.9111
0.315 1.40766e-08 -6.79662e-07 3.33074e-07 0 3.32512e-07 14.9264
0.316 1.5187e-08 -6.81465e-07 3.33421e-07 0 3.32857e-07 14.9419
0.317 1.62183e-08 -6.83197e-07 3.33773e-07 0 3.33206e-07 14.9576
0.318 1.71573e-08 -6.84847e-07 3.3413e-07 0 3.3356e-07 14.9735
0.319 1.79933e-08 -6.86406e-07 3.34493e-07 0 3.33919e-07 14.9896
0.32 1.87191e-08 -6.87866e-07 3.34862e-07 0 3.34285e-07 15.006
0.321 1.93305e-08 -6.89223e-07 3.35236e-07 0 3.34656e-07 15.0227
0.322 1.98264e-08 -6.90475e-07 3.35616e-07 0 3.35033e-07 15.0396
0.323 2.02088e-08 -6.91624e-07 3.36e-07 0 3.35415e-07 15.0567
0.324 2.04824e-08 -6.92671e-07 3.36387e-07 0 3.35801e-07 15.0741
0.325 2.06541e-08 -6.93621e-07 3.36777e-07 0 3.3619e-07 15.0915
0.326 2.07332e-08 -6.9448e-07 3.37167e-07 0 3.36581e-07 15.1091
0.327 2.07304e-08 -6.95256e-07 3.37555e-07 0 3.36971e-07 15.1266
0.328 2.06577e-08 -6.95956e-07 3.3794e-07 0 3.37358e-07 15.144
0.329 2.0528e-08 -6.96589e-07 3.3832e-07 0 3.37741e-07 15.1611
0.33 2.03543e-08 -6.97163e-07 3.38691e-07 0 3.38117e-07 15.178
0.331 2.01496e-08 -6.97686e-07 3.39052e-07 0 3.38484e-07 15.1945
0.332 1.99265e-08 -6.98167e-07 3.39401e-07 0 3.38839e-07 15.2104
0.333 1.96964e-08 -6.98611e-07 3.39734e-07 0 3.3918e-07 15.2258
0.334 1.94698e-08 -6.99025e-07 3.4005e-07 0 3.39505e-07 15.2403
0.335 1.92554e-08 -6.99413e-07 3.40346e-07 0 3.39811e-07 15.2541
0.336 1.90605e-08 -6.99779e-07 3.40621e-07 0 3.40097e-07 15.2669
0.337 1.88904e-08 -7.00125e-07 3.40874e-07 0 3.40361e-07 15.2787
0.338 1.87484e-08 -7.00452e-07 3.41102e-07 0 3.40601e-07 15.2895
0.339 1.86361e-08 -7.00759e-07 3.41306e-07 0 3.40816e-07 15.2992
0.34 1.8553e-08 -7.01046e-07 3.41485e-07 0 3.41007e-07 15.3078
0.341 1.84971e-08 -7.01309e-07 3.4164e-07 0 3.41173e-07 15.3152
0.342 1.84646e-08 -7.01548e-07 3.41769e-07 0 3.41314e-07 15.3215
0.343 1.84505e-08 -7.01758e-07 3.41876e-07 0 3.41431e-07 15.3268
0.344 1.84486e-08 -7.01935e-07 3.41961e-07 0 3.41525e-07 15.331
0.345 1.84519e-08 -7.02078e-07 3.42026e-07 0 3.41599e-07 15.3343
0.346 1.84528e-08 -7.02181e-07 3.42074e-07 0 3.41654e-07 15.3368
0.347 1.84435e-08 -7.02244e-07 3.42107e-07 0 3.41693e-07 15.3386
0.348 1.84162e-08 -7.02263e-07 3.42128e-07 0 3.41719e-07 15.3397
0.349 1.83635e-08 -7.02237e-07 3.4214e-07 0 3.41734e-07 15.3404
0.35 1.82785e-08 -7.02167e-07 3.42147e-07 0 3.41742e-07 15.3407
0.351 1.81552e-08 -7.02052e-07 3.42151e-07 0 3.41746e-07 15.3409
0.352 1.79885e-08 -7.01895e-07 3.42157e-07 0 3.41749e-07 15.3411
0.353 1.77744e-08 -7.01697e-07 3.42167e-07 0 3.41756e-07 15.3414
0.354 1.75103e-08 -7.01463e-07 3.42184e-07 0 3.41769e-07 15.3419
0.355 1.71947e-08 -7.01197e-07 3.42212e-07 0 3.4179e-07 15.3429
0.356 1.68276e-08 -7.00904e-07 3.42253e-07 0 3.41824e-07 15.3444
0.357 1.64101e-08 -7.0059e-07 3.42309e-07 0 3.41871e-07 15.3465
0.358 1.59448e-08 -7.00262e-07 3.42382e-07 0 3.41935e-07 15.3494
0.359 1.5435e-08 -6.99925e-07 3.42473e-07 0 3.42017e-07 15.3531
0.36 1.48853e-08 -6.99588e-07 3.42585e-07 0 3.42118e-07 15.3576
0.361 1.43009e-08 -6.99256e-07 3.42716e-07 0 3.42239e-07 15.3631
0.362 1.36878e-08 -6.98937e-07 3.42868e-07 0 3.42381e-07 15.3694
0.363 1.30522e-08 -6.98636e-07 3.43041e-07 0 3.42543e-07 15.3767
0.364 1.24008e-08 -6.98358e-07 3.43233e-07 0 3.42725e-07 15.3849
0.365 1.17401e-08 -6.98109e-07 3.43443e-07 0 3.42926e-07 15.3939
0.366 1.10766e-08 -6.97893e-07 3.43671e-07 0 3.43146e-07 15.4038
0.367 1.04166e-08 -6.97713e-07 3.43915e-07 0 3.43382e-07 15.4143
0.368 9.76573e-09 -6.97571e-07 3.44173e-07 0 3.43632e-07 15.4256
0.369 9.1292e-09 -6.97468e-07 3.44443e-07 0 3.43896e-07 15.4374
0.37 8.51153e-09 -6.97405e-07 3.44722e-07 0 3.44171e-07 15.4498
0.371 7.91648e-09 -6.9738e-07 3.45009e-07 0 3.44454e-07 15.4625
0.372 7.34707e-09 -6.97393e-07 3.45302e-07 0 3.44744e-07 15.4755
0.373 6.80551e-09 -6.9744e-07 3.45597e-07 0 3.45038e-07 15.4887
0.374 6.29325e-09 -6.9752e-07 3.45893e-07 0 3.45333e-07 15.502
0.375 5.811e-09 -6.97628e-07 3.46188e-07 0 3.45629e-07 15.5152
0.376 5.3588e-09 -6.97761e-07 3.4648e-07 0 3.45922e-07 15.5284
0.377 4.93608e-09 -6.97914e-07 3.46767e-07 0 3.46211e-07 15.5414
0.378 4.54178e-09 -6.98082e-07 3.47047e-07 0 3.46494e-07 15.5541
0.379 4.17442e-09 -6.98263e-07 3.47318e-07 0 3.4677e-07 15.5664
0.38 3.83222e-09 -6.9845e-07 3.47581e-07 0 3.47037e-07 15.5784
0.381 3.51323e-09 -6.9864e-07 3.47833e-07 0 3.47294e-07 15.59
0.382 3.21538e-09 -6.98828e-07 3.48074e-07 0 3.4754e-07 15.601
0.383 2.93664e-09 -6.99013e-07 3.48302e-07 0 3.47774e-07 15.6115
0.384 2.67507e-09 -6.99191e-07 3.48519e-07 0 3.47997e-07 15.6215
0.385 2.42891e-09 -6.99358e-07 3.48723e-07 0 3.48207e-07 15.6309
0.386 2.19663e-09 -6.99515e-07 3.48914e-07 0 3.48404e-07 15.6398
0.387 1.97699e-09 -6.99659e-07 3.49093e-07 0 3.48589e-07 15.6481
0.388 1.76909e-09 -6.99791e-07 3.4926e-07 0 3.48762e-07 15.6559
0.389 1.57231e-09 -6.99909e-07 3.49414e-07 0 3.48922e-07 15.6631
0.39 1.3864e-09 -7.00015e-07 3.49558e-07 0 3.49071e-07 15.6697
0.391 1.2114e-09 -7.00109e-07 3.4969e-07 0 3.49208e-07 15.6759
0.392 1.04761e-09 -7.00194e-07 3.49811e-07 0 3.49335e-07 15.6816
0.393 8.95581e-10 -7.0027e-07 3.49923e-07 0 3.49452e-07 15.6868
0.394 7.56033e-10 -7.00341e-07 3.50026e-07 0 3.49559e-07 15.6916
0.395 6.29808e-10 -7.00407e-07 3.5012e-07 0 3.49657e-07 15.6961
0.396 5.17803e-10 -7.00472e-07 3.50206e-07 0 3.49748e-07 15.7001
0.397 4.20909e-10 -7.00537e-07 3.50286e-07 0 3.4983e-07 15.7038
0.398 3.39947e-10 -7.00605e-07 3.50359e-07 0 3.49906e-07 15.7072
0.399 2.75613e-10 -7.00677e-07 3.50425e-07 0 3.49976e-07 15.7104
0.4 2.2842e-10 -7.00756e-07 3.50487e-07 0 3.50041e-07 15.7133
0.401 1.98662e-10 -7.00843e-07 3.50544e-07 0 3.501e-07 15.7159
0.402 1.86376e-10 -7.00939e-07 3.50597e-07 0 3.50155e-07 15.7184
0.403 1.91319e-10 -7.01044e-07 3.50647e-07 0 3.50206e-07 15.7207
0.404 2.12957e-10 -7.0116e-07 3.50693e-07 0 3.50254e-07 15.7228
0.405 2.50462e-10 -7.01286e-07 3.50736e-07 0 3.50299e-07 15.7249
0.406 3.02728e-10 -7.01421e-07 3.50778e-07 0 3.50341e-07 15.7268
0.407 3.68383e-10 -7.01567e-07 3.50817e-07 0 3.50381e-07 15.7286
0.408 4.45826e-10 -7.0172e-07 3.50855e-07 0 3.5042e-07 15.7303
0.409 5.33262e-10 -7.01881e-07 3.50891e-07 0 3.50457e-07 15.7319
0.41 6.28748e-10 -7.02048e-07 3.50927e-07 0 3.50493e-07 15.7336
0.411 7.30239e-10 -7.0222e-07 3.50962e-07 0 3.50528e-07 15.7351
0.412 8.35641e-10 -7.02394e-07 3.50996e-07 0 3.50562e-07 15.7367
0.413 9.42865e-10 -7.02569e-07 3.5103e-07 0 3.50596e-07 15.7382
0.414 1.04988e-09 -7.02744e-07 3.51064e-07 0 3.5063e-07 15.7397
0.415 1.15475e-09 -7.02917e-07 3.51098e-07 0 3.50664e-07 15.7413
0.416 1.25569e-09 -7.03086e-07 3.51133e-07 0 3.50698e-07 15.7428
0.417 1.35112e-09 -7.03251e-07 3.51167e-07 0 3.50733e-07 15.7443
0.418 1.43967e-09 -7.03409e-07 3.51202e-07 0 3.50767e-07 15.7459
0.419 1.5202e-09 -7.0356e-07 3.51238e-07 0 3.50802e-07 15.7475
0.42 1.59186e-09 -7.03703e-07 3.51273e-07 0 3.50838e-07 15.7491
0.421 1.65406e-09 -7.03838e-07 3.5131e-07 0 3.50874e-07 15.7507
0.422 1.70648e-09 -7.03964e-07 3.51347e-07 0 3.50911e-07 15.7523
0.423 1.74908e-09 -7.04081e-07 3.51384e-07 0 3.50948e-07 15.754
0.424 1.78205e-09 -7.04189e-07 3.51422e-07 0 3.50985e-07 15.7557
0.425 1.80584e-09 -7.04288e-07 3.51459e-07 0 3.51023e-07 15.7574
0.426 1.82107e-09 -7.04379e-07 3.51497e-07 0 3.51061e-07 15.7591
0.427 1.82856e-09 -7.04463e-07 3.51535e-07 0 3.51099e-07 15.7608
0.428 1.82924e-09 -7.04539e-07 3.51573e-07 0 3.51137e-07 15.7625
0.429 1.82415e-09 -7.04608e-07 3.5161e-07 0 3.51174e-07 15.7641
0.43 1.81439e-09 -7.04671e-07 3.51646e-07 0 3.51211e-07 15.7658
0.431 1.80108e-09 -7.0473e-07 3.51682e-07 0 3.51247e-07 15.7674
0.432 1.78532e-09 -7.04784e-07 3.51716e-07 0 3.51282e-07 15.769
0.433 1.76815e-09 -7.04833e-07 3.51749e-07 0 3.51316e-07 15.7705
0.434 1.75055e-09 -7.0488e-07 3.51781e-07 0 3.51348e-07 15.772
0.435 1.73335e-09 -7.04923e-07 3.51811e-07 0 3.51379e-07 15.7733
0.436 1.71729e-09 -7.04964e-07 3.51839e-07 0 3.51408e-07 15.7746
0.437 1.70294e-09 -7.05002e-07 3.51865e-07 0 3.51435e-07 15.7759
0.438 1.6907e-09 -7.05038e-07 3.51888e-07 0 3.51459e-07 15.777
0.439 1.68083e-09 -7.05072e-07 3.5191e-07 0 3.51482e-07 15.778
0.44 1.67341e-09 -7.05104e-07 3.51929e-07 0 3.51502e-07 15.7789
0.441 1.66836e-09 -7.05133e-07 3.51945e-07 0 3.5152e-07 15.7797
0.442 1.66546e-09 -7.0516e-07 3.5196e-07 0 3.51535e-07 15.7804
0.443 1.66435e-09 -7.05184e-07 3.51972e-07 0 3.51548e-07 15.7809
0.444 1.66458e-09 -7.05205e-07 3.51981e-07 0 3.51559e-07 15.7814
0.445 1.66559e-09 -7.05223e-07 3.51989e-07 0 3.51568e-07 15.7818
0.446 1.66676e-09 -7.05237e-07 3.51995e-07 0 3.51575e-07 15.7821
0.447 1.66743e-09 -7.05247e-07 3.52e-07 0 3.5158e-07 15.7824
0.448 1.66693e-09 -7.05253e-07 3.52003e-07 0 3.51583e-07 15.7825
0.449 1.66459e-09 -7.05255e-07 3.52005e-07 0 3.51586e-07 15.7826
0.45 1.65979e-09 -7.05253e-07 3.52006e-07 0 3.51587e-07 15.7827
0.451 1.65195e-09 -7.05246e-07 3.52007e-07 0 3.51588e-07 15.7827
0.452 1.64057e-09 -7.05236e-07 3.52007e-07 0 3.51588e-07 15.7827
0.453 1.62525e-09 -7.05221e-07 3.52007e-07 0 3.51589e-07 15.7828
0.454 1.60567e-09 -7.05203e-07 3.52008e-07 0 3.51589e-07 15.7828
0.455 1.58163e-09 -7.05182e-07 3.5201e-07 0 3.5159e-07 15.7828
0.456 1.55305e-09 -7.05157e-07 3.52012e-07 0 3.51592e-07 15.7829
0.457 1.51994e-09 -7.05131e-07 3.52016e-07 0 3.51595e-07 15.783
0.458 1.48244e-09 -7.05102e-07 3.52021e-07 0 3.51599e-07 15.7832
0.459 1.44078e-09 -7.05072e-07 3.52027e-07 0 3.51605e-07 15.7835
0.46 1.39529e-09 -7.05042e-07 3.52035e-07 0 3.51612e-07 15.7838
0.461 1.34636e-09 -7.05011e-07 3.52044e-07 0 3.5162e-07 15.7842
0.462 1.29448e-09 -7.04981e-07 3.52056e-07 0 3.51631e-07 15.7847
0.463 1.24015e-09 -7.04952e-07 3.52069e-07 0 3.51643e-07 15.7852
0.464 1.18392e-09 -7.04925e-07 3.52084e-07 0 3.51657e-07 15.7858
0.465 1.12636e-09 -7.049e-07 3.521e-07 0 3.51673e-07 15.7865
0.466 1.06805e-09 -7.04877e-07 3.52119e-07 0 3.5169e-07 15.7873
0.467 1.00952e-09 -7.04857e-07 3.52138e-07 0 3.51709e-07 15.7882
0.468 9.51311e-10 -7.0484e-07 3.52159e-07 0 3.5173e-07 15.7891
0.469 8.93901e-10 -7.04827e-07 3.52182e-07 0 3.51751e-07 15.7901
0.47 8.37724e-10 -7.04817e-07 3.52205e-07 0 3.51774e-07 15.7911
0.471 7.83156e-10 -7.0481e-07 3.52229e-07 0 3.51798e-07 15.7921
0.472 7.30511e-10 -7.04806e-07 3.52254e-07 0 3.51822e-07 15.7932
0.473 6.80034e-10 -7.04806e-07 3.52279e-07 0 3.51847e-07 15.7944
0.474 6.31909e-10 -7.04809e-07 3.52305e-07 0 3.51873e-07 15.7955
0.475 5.86249e-10 -7.04815e-07 3.5233e-07 0 3.51898e-07 15.7967
0.476 5.43111e-10 -7.04823e-07 3.52356e-07 0 3.51924e-07 15.7978
0.477 5.02494e-10 -7.04833e-07 3.52381e-07 0 3.51949e-07 15.7989
0.478 4.6435e-10 -7.04845e-07 3.52406e-07 0 3.51974e-07 15.8001
0.479 4.28588e-10 -7.04858e-07 3.5243e-07 0 3.51999e-07 15.8012
0.48 3.95087e-10 -7.04872e-07 3.52454e-07 0 3.52023e-07 15.8023
0.481 3.63701e-10 -7.04887e-07 3.52477e-07 0 3.52046e-07 15.8033
0.482 3.34274e-10 -7.04902e-07 3.52499e-07 0 3.52069e-07 15.8043
0.483 3.06639e-10 -7.04917e-07 3.5252e-07 0 3.5209e-07 15.8053
0.484 2.80637e-10 -7.04932e-07 3.5254e-07 0 3.52111e-07 15.8062
0.485 2.56116e-10 -7.04946e-07 3.52559e-07 0 3.5213e-07 15.8071
0.486 2.32941e-10 -7.04959e-07 3.52577e-07 0 3.52149e-07 15.8079
0.487 2.10998e-10 -7.04972e-07 3.52594e-07 0 3.52166e-07 15.8087
0.488 1.90197e-10 -7.04983e-07 3.5261e-07 0 3.52183e-07 15.8094
0.489 1.70476e-10 -7.04994e-07 3.52625e-07 0 3.52198e-07 15.8101
0.49 1.51797e-10 -7.05003e-07 3.52639e-07 0 3.52213e-07 15.8108
0.491 1.34151e-10 -7.05012e-07 3.52652e-07 0 3.52226e-07 15.8114
0.492 1.17554e-10 -7.0502e-07 3.52664e-07 0 3.52238e-07 15.8119
0.493 1.0204e-10 -7.05026e-07 3.52675e-07 0 3.5225e-07 15.8124
0.494 8.76635e-11 -7.05033e-07 3.52685e-07 0 3.5226e-07 15.8129
0.495 7.44905e-11 -7.05039e-07 3.52694e-07 0 3.5227e-07 15.8134
0.496 6.2595e-11 -7.05045e-07 3.52703e-07 0 3.52279e-07 15.8138
0.497 5.2053e-11 -7.0505e-07 3.52711e-07 0 3.52287e-07 15.8141
0.498 4.2938e-11 -7.05056e-07 3.52718e-07 0 3.52295e-07 15.8145
0.499 3.53149e-11 -7.05063e-07 3.52725e-07 0 3.52302e-07 15.8148
0.5 2.9236e-11 -7.05069e-07 3.52731e-07 0 3.52309e-07 15.8151
0.501 2.47365e-11 -7.05077e-07 3.52737e-07 0 3.52315e-07 15.8154
0.502 2.18314e-11 -7.05085e-07 3.52743e-07 0 3.5232e-07 15.8156
0.503 2.05126e-11 -7.05094e-07 3.52748e-07 0 3.52326e-07 15.8158
0.504 2.07476e-11 -7.05104e-07 3.52752e-07 0 3.5233e-07 15.8161
0.505 2.24787e-11 -7.05114e-07 3.52757e-07 0 3.52335e-07 15.8163
0.506 2.56231e-11 -7.05126e-07 3.52761e-07 0 3.52339e-07 15.8165
0.507 3.00745e-11 -7.05139e-07 3.52765e-07 0 3.52343e-07 15.8166
0.508 3.57049e-11 -7.05152e-07 3.52769e-07 0 3.52347e-07 15.8168
0.509 4.23672e-11 -7.05166e-07 3.52773e-07 0 3.52351e-07 15.817
0.51 4.98992e-11 -7.05181e-07 3.52776e-07 0 3.52355e-07 15.8172
0.511 5.81269e-11 -7.05196e-07 3.5278e-07 0 3.52358e-07 15.8173
0.512 6.68691e-11 -7.05212e-07 3.52783e-07 0 3.52362e-07 15.8175
0.513 7.59418e-11 -7.05228e-07 3.52787e-07 0 3.52365e-07 15.8176
0.514 8.51626e-11 -7.05244e-07 3.5279e-07 0 3.52369e-07 15.8178
0.515 9.43554e-11 -7.0526e-07 3.52793e-07 0 3.52372e-07 15.8179
0.516 1.03354e-10 -7.05275e-07 3.52797e-07 0 3.52375e-07 15.8181
0.517 1.12006e-10 -7.05291e-07 3.528e-07 0 3.52379e-07 15.8182
0.518 1.20176e-10 -7.05306e-07 3.52803e-07 0 3.52382e-07 15.8184
0.519 1.27749e-10 -7.0532e-07 3.52807e-07 0 3.52385e-07 15.8185
0.52 1.34631e-10 -7.05334e-07 3.5281e-07 0 3.52389e-07 15.8187
0.521 1.40752e-10 -7.05347e-07 3.52814e-07 0 3.52392e-07 15.8188
0.522 1.46064e-10 -7.0536e-07 3.52818e-07 0 3.52396e-07 15.819
0.523 1.50543e-10 -7.05371e-07 3.52821e-07 0 3.524e-07 15.8192
0.524 1.54191e-10 -7.05382e-07 3.52825e-07 0 3.52403e-07 15.8193
0.525 1.57026e-10 -7.05392e-07 3.52828e-07 0 3.52407e-07 15.8195
0.526 1.59088e-10 -7.05402e-07 3.52832e-07 0 3.52411e-07 15.8197
0.527 1.60436e-10 -7.05411e-07 3.52836e-07 0 3.52414e-07 15.8198
0.528 1.61139e-10 -7.05419e-07 3.5284e-07 0 3.52418e-07 15.82
0.529 1.6128e-10 -7.05426e-07 3.52843e-07 0 3.52422e-07 15.8202
0.53 1.60949e-10 -7.05433e-07 3.52847e-07 0 3.52425e-07 15.8203
0.531 1.60238e-10 -7.05439e-07 3.5285e-07 0 3.52429e-07 15.8205
0.532 1.59245e-10 -7.05445e-07 3.52854e-07 0 3.52432e-07 15.8206
0.533 1.5806e-10 -7.0545e-07 3.52857e-07 0 3.52436e-07 15.8208
0.534 1.56772e-10 -7.05456e-07 3.5286e-07 0 3.52439e-07 15.8209
0.535 1.55461e-10 -7.0546e-07 3.52863e-07 0 3.52442e-07 15.8211
0.536 1.54196e-10 -7.05465e-07 3.52866e-07 0 3.52445e-07 15.8212
0.537 1.53037e-10 -7.05469e-07 3.52868e-07 0 3.52447e-07 15.8213
0.538 1.52027e-10 -7.05473e-07 3.52871e-07 0 3.5245e-07 15.8214
0.539 1.51198e-10 -7.05477e-07 3.52873e-07 0 3.52452e-07 15.8215
0.54 1.50567e-10 -7.0548e-07 3.52875e-07 0 3.52454e-07 15.8216
0.541 1.50137e-10 -7.05483e-07 3.52877e-07 0 3.52456e-07 15.8217
0.542 1.49898e-10 -7.05486e-07 3.52878e-07 0 3.52458e-07 15.8218
0.543 1.49827e-10 -7.05489e-07 3.5288e-07 0 3.52459e-07 15.8218
0.544 1.49892e-10 -7.05491e-07 3.52881e-07 0 3.52461e-07 15.8219
0.545 1.50049e-10 -7.05493e-07 3.52882e-07 0 3.52462e-07 15.8219
0.546 1.50249e-10 -7.05495e-07 3.52882e-07 0 3.52462e-07 15.822
0.547 1.50437e-10 -7.05496e-07 3.52883e-07 0 3.52463e-07 15.822
0.548 1.50557e-10 -7.05497e-07 3.52883e-07 0 3.52463e-07 15.822
0.549 1.5055e-10 -7.05498e-07 3.52884e-07 0 3.52464e-07 15.822
0.55 1.5036e-10 -7.05498e-07 3.52884e-07 0 3.52464e-07 15.8221
0.551 1.49934e-10 -7.05498e-07 3.52884e-07 0 3.52464e-07 15.8221
0.552 1.49224e-10 -7.05497e-07 3.52884e-07 0 3.52464e-07 15.8221
0.553 1.4819e-10 -7.05497e-07 3.52884e-07 0 3.52464e-07 15.8221
0.554 1.46798e-10 -7.05495e-07 3.52884e-07 0 3.52464e-07 15.8221
0.555 1.45025e-10 -7.05494e-07 3.52884e-07 0 3.52464e-07 15.8221
0.556 1.42855e-10 -7.05492e-07 3.52884e-07 0 3.52464e-07 15.8221
0.557 1.40283e-10 -7.05489e-07 3.52885e-07 0 3.52465e-07 15.8221
0.558 1.37315e-10 -7.05487e-07 3.52885e-07 0 3.52465e-07 15.8221
0.559 1.33963e-10 -7.05484e-07 3.52885e-07 0 3.52465e-07 15.8221
0.56 1.30249e-10 -7.05482e-07 3.52886e-07 0 3.52466e-07 15.8221
0.561 1.26204e-10 -7.05479e-07 3.52886e-07 0 3.52466e-07 15.8222
0.562 1.21863e-10 -7.05476e-07 3.52887e-07 0 3.52467e-07 15.8222
0.563 1.17269e-10 -7.05473e-07 3.52888e-07 0 3.52468e-07 15.8222
0.564 1.12465e-10 -7.05471e-07 3.52889e-07 0 3.52469e-07 15.8223
0.565 1.075e-10 -7.05468e-07 3.52891e-07 0 3.5247e-07 15.8223
0.566 1.02422e-10 -7.05466e-07 3.52892e-07 0 3.52472e-07 15.8224
0.567 9.72803e-11 -7.05464e-07 3.52894e-07 0 3.52473e-07 15.8225
0.568 9.21216e-11 -7.05462e-07 3.52895e-07 0 3.52475e-07 15.8225
0.569 8.69903e-11 -7.05461e-07 3.52897e-07 0 3.52476e-07 15.8226
0.57 8.19271e-11 -7.05459e-07 3.52899e-07 0 3.52478e-07 15.8227
0.571 7.69684e-11 -7.05458e-07 3.52901e-07 0 3.5248e-07 15.8228
0.572 7.21455e-11 -7.05458e-07 3.52903e-07 0 3.52482e-07 15.8229
0.573 6.74844e-11 -7.05457e-07 3.52905e-07 0 3.52484e-07 15.823
0.574 6.30054e-11 -7.05457e-07 3.52908e-07 0 3.52487e-07 15.8231
0.575 5.87235e-11 -7.05457e-07 3.5291e-07 0 3.52489e-07 15.8232
0.576 5.4648e-11 -7.05458e-07 3.52912e-07 0 3.52491e-07 15.8233
0.577 5.07833e-11 -7.05458e-07 3.52914e-07 0 3.52493e-07 15.8234
0.578 4.71293e-11 -7.05459e-07 3.52916e-07 0 3.52495e-07 15.8235
0.579 4.36818e-11 -7.0546e-07 3.52919e-07 0 3.52498e-07 15.8236
0.58 4.04336e-11 -7.05461e-07 3.52921e-07 0 3.525e-07 15.8237
0.581 3.73748e-11 -7.05462e-07 3.52923e-07 0 3.52502e-07 15.8238
0.582 3.44937e-11 -7.05463e-07 3.52925e-07 0 3.52504e-07 15.8238
0.583 3.17778e-11 -7.05464e-07 3.52927e-07 0 3.52506e-07 15.8239
0.584 2.92142e-11 -7.05465e-07 3.52928e-07 0 3.52508e-07 15.824
0.585 2.67903e-11 -7.05467e-07 3.5293e-07 0 3.52509e-07 15.8241
0.586 2.44946e-11 -7.05468e-07 3.52932e-07 0 3.52511e-07 15.8242
0.587 2.2317e-11 -7.05469e-07 3.52934e-07 0 3.52513e-07 15.8242
0.588 2.02493e-11 -7.0547e-07 3.52935e-07 0 3.52514e-07 15.8243
0.589 1.82851e-11 -7.05471e-07 3.52936e-07 0 3.52516e-07 15.8244
0.59 1.64205e-11 -7.05471e-07 3.52938e-07 0 3.52517e-07 15.8244
0.591 1.46536e-11 -7.05472e-07 3.52939e-07 0 3.52518e-07 15.8245
0.592 1.29846e-11 -7.05473e-07 3.5294e-07 0 3.5252e-07 15.8246
0.593 1.14158e-11 -7.05473e-07 3.52941e-07 0 3.52521e-07 15.8246
0.594 9.95092e-12 -7.05474e-07 3.52942e-07 0 3.52522e-07 15.8247
0.595 8.59518e-12 -7.05475e-07 3.52943e-07 0 3.52523e-07 15.8247
0.596 7.3545e-12 -7.05475e-07 3.52944e-07 0 3.52524e-07 15.8247
0.597 6.23531e-12 -7.05476e-07 3.52945e-07 0 3.52525e-07 15.8248
0.598 5.244e-12 -7.05476e-07 3.52946e-07 0 3.52525e-07 15.8248
0.599 4.38653e-12 -7.05477e-07 3.52946e-07 0 3.52526e-07 15.8248
0.6 3.66795e-12 -7.05477e-07 3.52947e-07 0 3.52527e-07 15.8249
