0.001 7.08828e-11 0 -3.40225e-10 5.66937e-11 0 0 -0 2.12649e-10 45.457
0.002 5.78017e-10 0 -3.03458e-10 3.15936e-10 0 0 7.84539e-10 1.94044e-10 9.79056
0.003 1.43241e-09 0 -1.52214e-10 1.11593e-09 0 0 2.5835e-09 1.87377e-10 3.54608
0.004 2.62446e-09 0 2.03837e-10 2.71185e-09 0 0 5.733e-09 1.92848e-10 1.71068
0.005 4.32783e-09 0 8.18158e-10 5.38341e-09 0 0 1.07399e-08 2.10494e-10 0.989659
0.006 6.89596e-09 0 1.71006e-09 9.5453e-09 0 0 1.83926e-08 2.41252e-10 0.660171
0.007 1.08691e-08 0 2.90444e-09 1.58621e-08 0 0 2.99238e-08 2.88142e-10 0.483788
0.008 1.70136e-08 0 4.48143e-09 2.53906e-08 0 0 4.72428e-08 3.57059e-10 0.379332
0.009 2.64084e-08 0 6.61884e-09 3.9775e-08 0 0 7.32595e-08 4.57196e-10 0.313015
0.01 4.05902e-08 0 9.6272e-09 6.15183e-08 0 0 1.12337e-07 6.0151e-10 0.268444
0.011 6.17652e-08 0 1.39901e-08 9.43586e-08 0 0 1.70922e-07 8.07921e-10 0.236902
0.012 9.31085e-08 0 2.04249e-08 1.4379e-07 0 0 2.58425e-07 1.10176e-09 0.213623
0.013 1.39184e-07 0 2.99741e-08 2.17787e-07 0 0 3.88464e-07 1.51962e-09 0.195977
0.014 2.06542e-07 0 4.41315e-08 3.27826e-07 0 0 5.80614e-07 2.11452e-09 0.182426
0.015 3.04569e-07 0 6.50105e-08 4.90334e-07 0 0 8.62875e-07 2.96208e-09 0.171935
0.016 4.46677e-07 0 9.55683e-08 7.28742e-07 0 0 1.27516e-06 4.16805e-09 0.1637
0.017 6.51948e-07 0 1.39917e-07 1.07639e-06 0 0 1.87414e-06 5.87791e-09 0.157063
0.018 9.47378e-07 0 2.03762e-07 1.58062e-06 0 0 2.74005e-06 8.28965e-09 0.151497
0.019 1.37092e-06 0 2.95031e-07 2.30843e-06 0 0 3.98606e-06 1.16711e-08 0.146614
0.02 1.97562e-06 0 4.24738e-07 3.35433e-06 0 0 5.77107e-06 1.63837e-08 0.142149
0.021 2.83516e-06 0 6.08169e-07 4.85105e-06 0 0 8.31729e-06 2.29131e-08 0.137934
0.022 4.05137e-06 0 8.66473e-07 6.98415e-06 0 0 1.19339e-05 3.191e-08 0.133874
0.023 5.76431e-06 0 1.22877e-06 1.00117e-05 0 0 1.7049e-05 4.42424e-08 0.129919
0.024 8.16563e-06 0 1.73492e-06 1.42907e-05 0 0 2.42523e-05 6.10634e-08 0.126051
0.025 1.15165e-05 0 2.43918e-06 2.03126e-05 0 0 3.43521e-05 8.3897e-08 0.122263
0.026 1.61709e-05 0 3.41494e-06 2.87499e-05 0 0 4.84505e-05 1.14746e-07 0.118556
0.027 2.26068e-05 0 4.76086e-06 4.05192e-05 0 0 6.80431e-05 1.56229e-07 0.114933
0.028 3.14656e-05 0 6.60884e-06 5.68627e-05 0 0 9.5149e-05 2.11743e-07 0.111393
0.029 4.36048e-05 0 9.13417e-06 7.94563e-05 0 0 0.000132481 2.85667e-07 0.107931
0.03 6.01637e-05 0 1.25686e-05 0.00011055 0 0 0.000183666 3.8361e-07 0.104541
0.031 8.26489e-05 0 1.7217e-05 0.000153149 0 0 0.000253528 5.12704e-07 0.101216
0.032 0.000113042 0 2.34782e-05 0.000211251 0 0 0.000348453 6.8196e-07 0.0979513
0.033 0.000153935 0 3.18712e-05 0.000290142 0 0 0.000476851 9.02696e-07 0.0947416
0.034 0.000208699 0 4.3068e-05 0.000396782 0 0 0.000649738 1.18903e-06 0.0915847
0.035 0.000281699 0 5.79337e-05 0.000540283 0 0 0.000881475 1.55847e-06 0.0884795
0.036 0.000378551 0 7.75753e-05 0.000732519 0 0 0.00119068 2.03257e-06 0.0854263
0.037 0.000506443 0 0.000103402 0.000988872 0 0 0.00160135 2.63768e-06 0.0824257
0.038 0.000674525 0 0.000137194 0.00132917 0 0 0.0021443 3.40581e-06 0.0794785
0.039 0.00089438 0 0.000181191 0.00177885 0 0 0.0028588 4.37548e-06 0.0765852
0.04 0.00118059 0 0.000238189 0.00237032 0 0 0.00379469 5.59275e-06 0.0737462
0.041 0.00155138 0 0.00031166 0.0031447 0 0 0.00501485 7.11216e-06 0.0709612
0.042 0.00202945 0 0.000405883 0.00415387 0 0 0.0065982 8.99776e-06 0.0682299
0.043 0.00264284 0 0.000526102 0.00546289 0 0 0.00864316 1.13241e-05 0.0655518
0.044 0.00342603 0 0.000678701 0.0071529 0 0 0.0112718 1.41769e-05 0.0629263
0.045 0.00442108 0 0.000871392 0.00932456 0 0 0.0146347 1.76543e-05 0.060353
0.046 0.00567904 0 0.00111343 0.012102 0 0 0.0189163 2.18666e-05 0.0578317
0.047 0.00726145 0 0.00141585 0.0156373 0 0 0.0243415 2.69371e-05 0.0553623
0.048 0.00924196 0 0.00179168 0.0201157 0 0 0.0311824 3.30016e-05 0.052945
0.049 0.0117081 0 0.00225619 0.0257618 0 0 0.0397663 4.02073e-05 0.05058
0.05 0.0147633 0 0.00282713 0.0328455 0 0 0.0504847 4.87119e-05 0.0482675
0.051 0.0185287 0 0.00352496 0.0416896 0 0 0.063802 5.86809e-05 0.0460079
0.052 0.0231452 0 0.00437298 0.0526774 0 0 0.0802659 7.02844e-05 0.0438014
0.053 0.0287755 0 0.00539752 0.0662612 0 0 0.100518 8.36927e-05 0.0416481
0.054 0.0356055 0 0.00662796 0.0829706 0 0 0.125303 9.90708e-05 0.0395481
0.055 0.0438464 0 0.00809673 0.103422 0 0 0.155481 0.000116572 0.0375014
0.056 0.0537358 0 0.0098391 0.128325 0 0 0.192037 0.000136328 0.0355079
0.057 0.0655377 0 0.0118929 0.158497 0 0 0.236086 0.000158444 0.0335676
0.058 0.0795435 0 0.0142981 0.194861 0 0 0.288886 0.000182983 0.0316804
0.059 0.0960705 0 0.017096 0.238462 0 0 0.351838 0.000209959 0.0298463
0.06 0.11546 0 0.0203281 0.290464 0 0 0.426492 0.000239325 0.0280653
0.061 0.138075 0 0.0240354 0.352157 0 0 0.514538 0.000270961 0.0263375
0.062 0.164294 0 0.0282563 0.424952 0 0 0.617807 0.000304663 0.0246629
0.063 0.194507 0 0.033025 0.510381 0 0 0.738253 0.000340135 0.0230418
0.064 0.229106 0 0.0383695 0.610082 0 0 0.877934 0.00037698 0.0214743
0.065 0.268475 0 0.0443087 0.725788 0 0 1.03899 0.000414698 0.0199608
0.066 0.312982 0 0.05085 0.859307 0 0 1.22359 0.000452684 0.0185016
0.067 0.362961 0 0.0579864 1.01249 0 0 1.43393 0.000490232 0.0170969
0.068 0.418699 0 0.0656934 1.1872 0 0 1.67212 0.000526544 0.0157473
0.069 0.480418 0 0.0739255 1.38528 0 0 1.94018 0.000560748 0.014453
0.07 0.548259 0 0.0826139 1.60848 0 0 2.23994 0.00059192 0.0132146
0.071 0.622263 0 0.0916636 1.85841 0 0 2.57296 0.000619114 0.0120326
0.072 0.702347 0 0.100951 2.13651 0 0 2.94045 0.000641401 0.0109077
0.073 0.788293 0 0.110323 2.44393 0 0 3.34321 0.000657914 0.00984053
0.074 0.879722 0 0.119597 2.7815 0 0 3.78149 0.0006679 0.00883196
0.075 0.976086 0 0.12856 3.14961 0 0 4.25493 0.000670772 0.00788291
0.076 1.07665 0 0.136972 3.54821 0 0 4.76249 0.000666177 0.00699448
0.077 1.18048 0 0.144573 3.97664 0 0 5.30236 0.000654049 0.00616791
0.078 1.28647 0 0.151084 4.43368 0 0 5.87187 0.000634672 0.00540463
0.079 1.39328 0 0.156221 4.9174 0 0 6.46751 0.000608732 0.0047063
0.08 1.49942 0 0.159701 5.42517 0 0 7.08486 0.000577365 0.0040748
0.081 1.60321 0 0.16126 5.95362 0 0 7.71864 0.000542188 0.00351232
0.082 1.70286 0 0.160665 6.49867 0 0 8.3627 0.000505318 0.00302135
0.083 1.79643 0 0.157737 7.05552 0 0 9.01016 0.000469377 0.00260478
0.084 1.88197 0 0.152365 7.61871 0 0 9.65348 0.000437463 0.00226588
0.085 1.95747 0 0.144532 8.18224 0 0 10.2847 0.000413116 0.00200845
0.086 2.02101 0 0.134336 8.73963 0 0 10.8954 0.000400242 0.00183679
0.087 2.07074 0 0.122013 9.28412 0 0 11.4773 0.00040303 0.0017558
0.088 2.10504 0 0.107956 9.80884 0 0 12.0223 0.000425831 0.00177104
0.089 2.1225 0 0.0927342 10.307 0 0 12.5227 0.000473028 0.00188872
0.09 2.12208 0 0.0771107 10.7721 0 0 12.9719 0.000548888 0.00211573
0.091 2.1031 0 0.0620507 11.1984 0 0 13.3642 0.000657397 0.00245961
0.092 2.06538 0 0.048726 11.5806 0 0 13.6955 0.000802102 0.00292842
0.093 2.00925 0 0.0385115 11.915 0 0 13.9638 0.000985941 0.00353048
0.094 1.93559 0 0.0329726 12.199 0 0 14.1688 0.0012111 0.00427402
0.095 1.84592 0 0.0338419 12.4316 0 0 14.3128 0.00147887 0.00516651
0.096 1.74236 0 0.0429862 12.6137 0 0 14.4008 0.00178955 0.00621373
0.097 1.62767 0 0.0623607 12.7482 0 0 14.4404 0.00214234 0.00741844
0.098 1.50522 0 0.0939526 12.84 0 0 14.4417 0.00253533 0.00877857
0.099 1.37897 0 0.139714 12.8964 0 0 14.418 0.00296548 0.010268
0.1 1.25338 0 0.201483 12.9265 0 0 14.3848 0.00342865 0.0118717
0.101 1.13338 0 0.2809 12.9419 0 0 14.3601 0.00391966 0.0135718
0.102 1.02426 0 0.379317 12.9557 0 0 14.3637 0.00443242 0.0153472
0.103 0.931582 0 0.4977 12.9829 0 0 14.4171 0.00496006 0.0171742
0.104 0.861034 0 0.63654 13.0396 0 0 14.5427 0.00549509 0.0188965
0.105 0.818338 0 0.795764 13.1432 0 0 14.7633 0.00602956 0.0204249
0.106 0.809101 0 0.974656 13.3111 0 0 15.1014 0.00655528 0.0217089
0.107 0.838682 0 1.17179 13.5611 0 0 15.5786 0.00706398 0.0226772
0.108 0.912061 0 1.385 13.91 0 0 16.2146 0.00754751 0.0232792
0.109 1.0337 0 1.61134 14.374 0 0 17.027 0.00799796 0.0234916
0.11 1.20744 0 1.84709 14.9671 0 0 18.03 0.00840788 0.0233217
0.111 1.43633 0 2.08781 15.7016 0 0 19.2345 0.0087703 0.0228035
0.112 1.7226 0 2.32841 16.587 0 0 20.6471 0.00907893 0.0219909
0.113 2.06751 0 2.56323 17.6296 0 0 22.2697 0.00932817 0.020948
0.114 2.47128 0 2.78622 18.8328 0 0 24.0998 0.0095132 0.019741
0.115 2.93304 0 2.99108 20.1959 0 0 26.1297 0.00963004 0.0184308
0.116 3.45077 0 3.17147 21.7151 0 0 28.347 0.00967559 0.0170692
0.117 4.02127 0 3.32123 23.3827 0 0 30.7349 0.00964771 0.0156975
0.118 4.64015 0 3.43465 25.1876 0 0 33.2719 0.00954527 0.0143464
0.119 5.30182 0 3.50669 27.1153 0 0 35.9331 0.00936825 0.0130374
0.12 5.99952 0 3.53323 29.1486 0 0 38.6905 0.00911785 0.0117844
0.121 6.72535 0 3.51133 31.268 0 0 41.5134 0.0087966 0.010596
0.122 7.47037 0 3.43942 33.4517 0 0 44.3699 0.00840854 0.00947639
0.123 8.22462 0 3.31748 35.6771 0 0 47.2272 0.00795928 0.0084273
0.124 8.9773 0 3.14721 37.9206 0 0 50.0526 0.00745621 0.00744894
0.125 9.71687 0 2.93206 40.1587 0 0 52.8145 0.00690858 0.00654085
0.126 10.4312 0 2.67728 42.3684 0 0 55.4832 0.00632752 0.00570252
0.127 11.1079 0 2.38986 44.528 0 0 58.0315 0.00572611 0.00493386
0.128 11.7343 0 2.07844 46.6176 0 0 60.4355 0.00511925 0.00423548
0.129 12.2979 0 1.75304 48.6193 0 0 62.6747 0.0045235 0.00360884
0.13 12.7867 0 1.42491 50.5178 0 0 64.7333 0.00395684 0.00305636
0.131 13.1891 0 1.1061 52.3006 0 0 66.5993 0.00343822 0.00258134
0.132 13.495 0 0.809166 53.9585 0 0 68.2656 0.00298711 0.0021879
0.133 13.6951 0 0.546713 55.4848 0 0 69.7292 0.00262288 0.00188079
0.134 13.7819 0 0.33096 56.8763 0 0 70.9916 0.00236413 0.0016651
0.135 13.7501 0 0.173289 58.1323 0 0 72.058 0.00222795 0.00154596
0.136 13.5963 0 0.0838026 59.255 0 0 72.9373 0.00222913 0.00152813
0.137 13.3196 0 0.0709013 60.2486 0 0 73.6415 0.00237941 0.00161556
0.138 12.9218 0 0.140912 61.1195 0 0 74.1849 0.00268678 0.0018109
0.139 12.4073 0 0.297773 61.8757 0 0 74.5839 0.00315481 0.00211498
0.14 11.7834 0 0.542798 62.5262 0 0 74.8562 0.00378218 0.00252636
0.141 11.0601 0 0.874525 63.0809 0 0 75.0201 0.00456233 0.00304083
0.142 10.25 0 1.28866 63.5501 0 0 75.0942 0.00548334 0.0036511
0.143 9.36826 0 1.77814 63.944 0 0 75.0969 0.00652795 0.00434654
0.144 8.43198 0 2.33324 64.2728 0 0 75.0457 0.00767391 0.00510956
0.145 7.46014 0 2.9419 64.5459 0 0 74.9568 0.00889445 0.00592224
0.146 6.47299 0 3.58999 64.7723 0 0 74.8454 0.010159 0.00676425
0.147 5.49162 0 4.26175 64.9598 0 0 74.7246 0.0114343 0.00761338
0.148 4.53734 0 4.9403 65.1157 0 0 74.606 0.0126851 0.00844622
0.149 3.63116 0 5.60814 65.2459 0 0 74.4991 0.0138758 0.00923897
0.15 2.79318 0 6.24775 65.3559 0 0 74.4118 0.0149711 0.0099683
0.151 2.042 0 6.8421 65.45 0 0 74.35 0.0159381 0.0106121
0.152 1.39422 0 7.37523 65.5318 0 0 74.318 0.0167466 0.0111505
0.153 0.8639 0 7.83277 65.6044 0 0 74.3184 0.017371 0.0115662
0.154 0.462171 0 8.20242 65.6703 0 0 74.3527 0.0177907 0.0118457
0.155 0.196894 0 8.47428 65.7319 0 0 74.421 0.0179911 0.0119791
0.156 0.0724149 0 8.64122 65.7909 0 0 74.5225 0.0179643 0.0119612
0.157 0.089442 0 8.69906 65.8493 0 0 74.6555 0.017709 0.0117913
0.158 0.245023 0 8.64672 65.9089 0 0 74.8179 0.0172311 0.0114731
0.159 0.532641 0 8.48617 65.9715 0 0 75.0069 0.016543 0.0110149
0.16 0.942414 0 8.22238 66.039 0 0 75.2195 0.0156632 0.0104127
0.161 1.4614 0 7.86314 66.1135 0 0 75.4527 0.014616 0.00968649
0.162 2.074 0 7.41876 66.197 0 0 75.7032 0.0134303 0.00887113
0.163 2.76241 0 6.90172 66.2918 0 0 75.968 0.0121385 0.00798985
0.164 3.50716 0 6.32627 66.3998 0 0 76.244 0.0107757 0.0070671
0.165 4.28769 0 5.70794 66.5234 0 0 76.5284 0.00937833 0.00612773
0.166 5.08292 0 5.0631 66.6644 0 0 76.8184 0.00798278 0.00519615
0.167 5.87187 0 4.40842 66.8247 0 0 77.1116 0.00662453 0.0042956
0.168 6.63423 0 3.76037 67.0059 0 0 77.4058 0.00533685 0.00344744
0.169 7.35086 0 3.13476 67.2091 0 0 77.6989 0.00414988 0.00267056
0.17 8.00435 0 2.54631 67.4352 0 0 77.989 0.00308979 0.00198095
0.171 8.57939 0 2.00823 67.6847 0 0 78.2745 0.00217806 0.00139132
0.172 9.06312 0 1.5319 67.9576 0 0 78.554 0.00143107 0.000910891
0.173 9.44542 0 1.12661 68.2533 0 0 78.8262 0.000859713 0.000545325
0.174 9.71908 0 0.799381 68.5711 0 0 79.0901 0.000469351 0.00029672
0.175 9.87987 0 0.554817 68.9096 0 0 79.3445 0.000259872 0.000163762
0.176 9.92653 0 0.39509 69.267 0 0 79.5888 0.000225947 0.000141947
0.177 9.86071 0 0.319969 69.6412 0 0 79.8223 0.00035744 0.000223898
0.178 9.6868 0 0.326921 70.03 0 0 80.0444 0.000639948 0.000399748
0.179 9.41165 0 0.411282 70.4307 0 0 80.2546 0.00105545 0.000657566
0.18 9.04433 0 0.566477 70.8405 0 0 80.4528 0.00158301 0.000983825
0.181 8.59574 0 0.784288 71.2565 0 0 80.6388 0.00219961 0.00136388
0.182 8.07827 0 1.05515 71.6761 0 0 80.8124 0.00288085 0.00178246
0.183 7.50539 0 1.3685 72.0962 0 0 80.9736 0.00360183 0.00222413
0.184 6.89122 0 1.71307 72.5141 0 0 81.1228 0.00433786 0.00267371
0.185 6.25017 0 2.07728 72.9274 0 0 81.26 0.00506517 0.00311674
0.186 5.5965 0 2.44955 73.3337 0 0 81.3855 0.00576155 0.00353979
0.187 4.94398 0 2.81861 73.7309 0 0 81.4999 0.00640692 0.00393079
0.188 4.30559 0 3.17382 74.117 0 0 81.6034 0.00698374 0.00427926
0.189 3.69317 0 3.50538 74.4907 0 0 81.6967 0.00747739 0.00457652
0.19 3.11723 0 3.80463 74.8505 0 0 81.7803 0.00787641 0.00481583
0.191 2.58673 0 4.06413 75.1957 0 0 81.8547 0.00817261 0.00499239
0.192 2.10895 0 4.27788 75.5255 0 0 81.9207 0.00836111 0.00510344
0.193 1.68944 0 4.44138 75.8395 0 0 81.9788 0.00844029 0.00514812
0.194 1.33192 0 4.55165 76.1376 0 0 82.0296 0.00841161 0.00512744
0.195 1.03836 0 4.60725 76.4199 0 0 82.0738 0.00827938 0.00504411
0.196 0.809026 0 4.60823 76.6868 0 0 82.1121 0.00805044 0.00490235
0.197 0.64257 0 4.55606 76.9385 0 0 82.1449 0.00773387 0.00470768
0.198 0.536197 0 4.45348 77.1759 0 0 82.1729 0.00734052 0.00446671
0.199 0.485824 0 4.3044 77.3995 0 0 82.1966 0.00688264 0.00418687
0.2 0.486277 0 4.11367 77.6102 0 0 82.2166 0.00637347 0.00387618
0.201 0.5315 0 3.88698 77.8089 0 0 82.2332 0.00582678 0.00354296
0.202 0.614779 0 3.63059 77.9964 0 0 82.247 0.00525645 0.00319563
0.203 0.728957 0 3.35117 78.1735 0 0 82.2583 0.00467615 0.00284244
0.204 0.866659 0 3.05558 78.3412 0 0 82.2675 0.00409894 0.00249129
0.205 1.0205 0 2.7507 78.5001 0 0 82.2749 0.00353694 0.00214951
0.206 1.18326 0 2.44324 78.6513 0 0 82.2808 0.00300114 0.00182375
0.207 1.34812 0 2.13959 78.7952 0 0 82.2854 0.0025011 0.0015198
0.208 1.50872 0 1.84564 78.9326 0 0 82.289 0.00204487 0.00124251
0.209 1.65938 0 1.56669 79.064 0 0 82.2917 0.00163881 0.000995744
0.21 1.79516 0 1.30734 79.19 0 0 82.2938 0.0012876 0.000782323
0.211 1.91192 0 1.07142 79.3109 0 0 82.2952 0.000994166 0.000604028
0.212 2.00643 0 0.86192 79.4272 0 0 82.2963 0.000759795 0.000461624
0.213 2.0763 0 0.681008 79.5391 0 0 82.297 0.000584165 0.000354914
0.214 2.12008 0 0.52999 79.6469 0 0 82.2975 0.000465485 0.000282807
0.215 2.13715 0 0.409348 79.7508 0 0 82.2977 0.000400647 0.000243414
0.216 2.12771 0 0.318788 79.8509 0 0 82.2978 0.000385398 0.000234149
0.217 2.09271 0 0.257292 79.9474 0 0 82.2978 0.000414536 0.000251852
0.218 2.03376 0 0.223196 80.0403 0 0 82.2977 0.000482116 0.00029291
0.219 1.95306 0 0.214282 80.1297 0 0 82.2976 0.000581658 0.000353387
0.22 1.85326 0 0.227867 80.2157 0 0 82.2975 0.000706361 0.000429151
0.221 1.73738 0 0.26091 80.2982 0 0 82.2973 0.000849304 0.000515996
0.222 1.6087 0 0.310114 80.3774 0 0 82.2972 0.00100364 0.000609762
0.223 1.47064 0 0.372032 80.4532 0 0 82.297 0.00116277 0.000706439
0.224 1.32666 0 0.443164 80.5257 0 0 82.2969 0.00132049 0.000802266
0.225 1.18019 0 0.520056 80.595 0 0 82.2968 0.00147116 0.000893807
0.226 1.03447 0 0.599384 80.6612 0 0 82.2966 0.00160978 0.000978026
0.227 0.892565 0 0.678033 80.7242 0 0 82.2965 0.00173209 0.00105233
0.228 0.757215 0 0.753164 80.7842 0 0 82.2964 0.00183461 0.00111462
0.229 0.630834 0 0.822266 80.8414 0 0 82.2964 0.00191471 0.00116329
0.23 0.515445 0 0.883201 80.8957 0 0 82.2963 0.0019706 0.00119724
0.231 0.412659 0 0.93423 80.9474 0 0 82.2963 0.0020013 0.00121589
0.232 0.32366 0 0.974033 80.9965 0 0 82.2962 0.00200663 0.00121913
0.233 0.2492 0 1.00171 81.0433 0 0 82.2962 0.00198715 0.00120729
0.234 0.189615 0 1.01677 81.0878 0 0 82.2961 0.00194407 0.00118112
0.235 0.144836 0 1.01914 81.1303 0 0 82.2961 0.00187922 0.00114172
0.236 0.114429 0 1.00907 81.1708 0 0 82.2961 0.00179489 0.00109049
0.237 0.0976232 0 0.987201 81.2096 0 0 82.2961 0.00169377 0.00102905
0.238 0.0933618 0 0.954421 81.2467 0 0 82.2961 0.00157886 0.000959238
0.239 0.100345 0 0.911886 81.2824 0 0 82.2961 0.00145333 0.00088297
0.24 0.117086 0 0.860945 81.3167 0 0 82.2961 0.00132044 0.000802235
0.241 0.14196 0 0.803092 81.3498 0 0 82.296 0.00118346 0.000719014
0.242 0.173258 0 0.739919 81.3818 0 0 82.296 0.00104556 0.00063523
0.243 0.20924 0 0.673059 81.4128 0 0 82.296 0.000909723 0.000552703
0.244 0.24818 0 0.604144 81.4429 0 0 82.296 0.000778707 0.000473104
0.245 0.288413 0 0.53476 81.4722 0 0 82.296 0.000654961 0.000397922
0.246 0.328375 0 0.466404 81.5007 0 0 82.296 0.000540592 0.000328437
0.247 0.366634 0 0.400455 81.5285 0 0 82.296 0.000437329 0.0002657
0.248 0.401923 0 0.33814 81.5556 0 0 82.296 0.000346502 0.000210518
0.249 0.433157 0 0.280514 81.5821 0 0 82.296 0.000269038 0.000163455
0.25 0.459451 0 0.228445 81.6079 0 0 82.296 0.00020546 0.000124828
0.251 0.480128 0 0.182599 81.6331 0 0 82.296 0.000155903 9.4719e-05
0.252 0.494724 0 0.143443 81.6577 0 0 82.296 0.000120138 7.29898e-05
0.253 0.502982 0 0.111239 81.6817 0 0 82.296 9.76023e-05 5.92984e-05
0.254 0.504842 0 0.0860581 81.705 0 0 82.296 8.744e-05 5.31243e-05
0.255 0.500434 0 0.0677866 81.7277 0 0 82.296 8.85431e-05 5.37944e-05
0.256 0.490054 0 0.0561452 81.7497 0 0 82.296 9.95995e-05 6.05118e-05
0.257 0.474149 0 0.0507067 81.7711 0 0 82.296 0.000119142 7.2385e-05
0.258 0.45329 0 0.0509181 81.7917 0 0 82.296 0.0001456 8.84592e-05
0.259 0.428149 0 0.056124 81.8116 0 0 82.296 0.000177343 0.000107745
0.26 0.399473 0 0.065591 81.8308 0 0 82.296 0.000212736 0.000129248
0.261 0.36806 0 0.0785331 81.8492 0 0 82.296 0.000250177 0.000151995
0.262 0.334732 0 0.094136 81.8669 0 0 82.296 0.000288137 0.000175058
0.263 0.300308 0 0.11158 81.8838 0 0 82.296 0.000325199 0.000197575
0.264 0.26559 0 0.130065 81.9 0 0 82.296 0.000360086 0.00021877
0.265 0.231333 0 0.148824 81.9155 0 0 82.296 0.000391681 0.000237966
0.266 0.198237 0 0.167149 81.9302 0 0 82.296 0.000419051 0.000254595
0.267 0.166923 0 0.184399 81.9443 0 0 82.296 0.000441453 0.000268205
0.268 0.13793 0 0.200015 81.9576 0 0 82.296 0.000458343 0.000278467
0.269 0.1117 0 0.21353 81.9703 0 0 82.296 0.000469376 0.00028517
0.27 0.0885757 0 0.22457 81.9824 0 0 82.296 0.000474396 0.000288219
0.271 0.0687992 0 0.232863 81.9939 0 0 82.296 0.000473432 0.000287634
0.272 0.0525101 0 0.238235 82.0048 0 0 82.296 0.00046668 0.000283532
0.273 0.0397503 0 0.240608 82.0152 0 0 82.296 0.000454489 0.000276125
0.274 0.0304695 0 0.239996 82.0251 0 0 82.296 0.000437334 0.000265703
0.275 0.0245329 0 0.236495 82.0346 0 0 82.296 0.0004158 0.00025262
0.276 0.0217307 0 0.23028 82.0436 0 0 82.296 0.000390555 0.000237282
0.277 0.021789 0 0.221588 82.0523 0 0 82.296 0.000362327 0.000220132
0.278 0.0243815 0 0.210712 82.0606 0 0 82.296 0.00033188 0.000201634
0.279 0.029142 0 0.197984 82.0686 0 0 82.296 0.000299989 0.000182258
0.28 0.0356767 0 0.183768 82.0763 0 0 82.296 0.000267419 0.000162471
0.281 0.0435766 0 0.168447 82.0838 0 0 82.296 0.000234907 0.000142718
0.282 0.0524296 0 0.152407 82.091 0 0 82.296 0.00020314 0.000123418
0.283 0.0618314 0 0.136032 82.098 0 0 82.296 0.000172745 0.000104952
0.284 0.0713959 0 0.11969 82.1048 0 0 82.296 0.000144271 8.76521e-05
0.285 0.0807637 0 0.103723 82.1114 0 0 82.296 0.000118183 7.18021e-05
0.286 0.08961 0 0.0884462 82.1179 0 0 82.296 9.4854e-05 5.76287e-05
0.287 0.0976507 0 0.0741332 82.1242 0 0 82.296 7.45628e-05 4.53007e-05
0.288 0.104647 0 0.0610167 82.1303 0 0 82.296 5.74916e-05 3.49291e-05
0.289 0.110407 0 0.0492835 82.1363 0 0 82.296 4.37284e-05 2.65672e-05
0.29 0.114791 0 0.0390729 82.1421 0 0 82.296 3.32715e-05 2.02141e-05
0.291 0.117707 0 0.0304758 82.1478 0 0 82.296 2.60354e-05 1.58178e-05
0.292 0.119113 0 0.0235365 82.1534 0 0 82.296 2.18593e-05 1.32806e-05
0.293 0.119012 0 0.0182539 82.1587 0 0 82.296 2.05163e-05 1.24647e-05
0.294 0.117449 0 0.0145854 82.164 0 0 82.296 2.17243e-05 1.31986e-05
0.295 0.11451 0 0.0124503 82.169 0 0 82.296 2.51573e-05 1.52843e-05
0.296 0.110312 0 0.0117353 82.174 0 0 82.296 3.04571e-05 1.85042e-05
0.297 0.105 0 0.0122991 82.1787 0 0 82.296 3.72453e-05 2.26284e-05
0.298 0.0987397 0 0.0139786 82.1833 0 0 82.296 4.51344e-05 2.74215e-05
0.299 0.091714 0 0.0165945 82.1877 0 0 82.296 5.37391e-05 3.26492e-05
0.3 0.084114 0 0.0199575 82.1919 0 0 82.296 6.26858e-05 3.80848e-05
0.301 0.0761346 0 0.0238734 82.196 0 0 82.296 7.16224e-05 4.35143e-05
0.302 0.0679687 0 0.0281494 82.1998 0 0 82.296 8.02253e-05 4.8741e-05
0.303 0.059802 0 0.0325984 82.2035 0 0 82.296 8.82064e-05 5.35899e-05
0.304 0.0518087 0 0.0370439 82.2071 0 0 82.296 9.5318e-05 5.79106e-05
0.305 0.0441473 0 0.0413238 82.2105 0 0 82.296 0.000101356 6.15791e-05
0.306 0.0369576 0 0.0452937 82.2137 0 0 82.296 0.000106164 6.44999e-05
0.307 0.0303582 0 0.0488294 82.2167 0 0 82.296 0.00010963 6.66056e-05
0.308 0.024445 0 0.0518288 82.2196 0 0 82.296 0.00011169 6.78574e-05
0.309 0.0192897 0 0.0542126 82.2224 0 0 82.296 0.000112326 6.82436e-05
0.31 0.0149401 0 0.0559254 82.2251 0 0 82.296 0.000111559 6.77778e-05
0.311 0.0114202 0 0.0569348 82.2276 0 0 82.296 0.000109451 6.6497e-05
0.312 0.00873129 0 0.0572311 82.23 0 0 82.296 0.000106096 6.44587e-05
0.313 0.00685344 0 0.0568253 82.2323 0 0 82.296 0.000101618 6.1738e-05
0.314 0.00574765 0 0.0557478 82.2344 0 0 82.296 9.61629e-05 5.84239e-05
0.315 0.00535813 0 0.0540458 82.2365 0 0 82.296 8.98956e-05 5.46162e-05
0.316 0.00561498 0 0.0517809 82.2386 0 0 82.296 8.2992e-05 5.04219e-05
0.317 0.00643703 0 0.0490265 82.2405 0 0 82.296 7.56346e-05 4.59519e-05
0.318 0.00773481 0 0.0458648 82.2424 0 0 82.296 6.80063e-05 4.13173e-05
0.319 0.00941349 0 0.0423839 82.2442 0 0 82.296 6.02863e-05 3.6627e-05
0.32 0.0113758 0 0.0386751 82.2459 0 0 82.296 5.26446e-05 3.19843e-05
0.321 0.0135247 0 0.0348301 82.2476 0 0 82.296 4.52387e-05 2.74848e-05
0.322 0.015766 0 0.0309384 82.2493 0 0 82.296 3.821e-05 2.32145e-05
0.323 0.0180108 0 0.0270854 82.2509 0 0 82.296 3.16808e-05 1.92477e-05
0.324 0.020177 0 0.02335 82.2525 0 0 82.296 2.5753e-05 1.56463e-05
0.325 0.0221915 0 0.0198029 82.254 0 0 82.296 2.05063e-05 1.24586e-05
0.326 0.0239912 0 0.0165056 82.2555 0 0 82.296 1.59977e-05 9.71939e-06
0.327 0.0255241 0 0.0135091 82.257 0 0 82.296 1.22615e-05 7.44948e-06
0.328 0.0267495 0 0.0108535 82.2584 0 0 82.296 9.31028e-06 5.65647e-06
0.329 0.0276389 0 0.00856731 82.2598 0 0 82.296 7.13573e-06 4.33532e-06
0.33 0.0281753 0 0.006668 82.2612 0 0 82.296 5.71045e-06 3.46939e-06
0.331 0.028353 0 0.00516189 82.2625 0 0 82.296 4.99004e-06 3.0317e-06
0.332 0.028177 0 0.00404495 82.2638 0 0 82.296 4.91545e-06 2.98639e-06
0.333 0.0276618 0 0.00330358 82.2651 0 0 82.296 5.41557e-06 3.29024e-06
0.334 0.0268309 0 0.00291569 82.2663 0 0 82.296 6.40999e-06 3.8944e-06
0.335 0.0257148 0 0.00285182 82.2675 0 0 82.296 7.81177e-06 4.74605e-06
0.336 0.0243499 0 0.00307649 82.2686 0 0 82.296 9.53022e-06 5.79009e-06
0.337 0.0227775 0 0.00354955 82.2697 0 0 82.296 1.14735e-05 6.97076e-06
0.338 0.0210417 0 0.00422756 82.2707 0 0 82.296 1.35514e-05 8.23315e-06
0.339 0.0191884 0 0.00506519 82.2718 0 0 82.296 1.5677e-05 9.5246e-06
0.34 0.0172637 0 0.00601655 82.2727 0 0 82.296 1.77696e-05 1.0796e-05
0.341 0.0153128 0 0.00703646 82.2737 0 0 82.296 1.97557e-05 1.20026e-05
0.342 0.0133788 0 0.00808156 82.2745 0 0 82.296 2.15706e-05 1.31052e-05
0.343 0.0115018 0 0.00911136 82.2754 0 0 82.296 2.31596e-05 1.40706e-05
0.344 0.00971745 0 0.0100891 82.2762 0 0 82.296 2.44787e-05 1.48721e-05
0.345 0.00805718 0 0.0109824 82.277 0 0 82.296 2.5495e-05 1.54895e-05
0.346 0.00654701 0 0.0117638 82.2777 0 0 82.296 2.61866e-05 1.59097e-05
0.347 0.00520744 0 0.0124114 82.2784 0 0 82.296 2.65425e-05 1.61259e-05
0.348 0.00405328 0 0.0129086 82.279 0 0 82.296 2.6562e-05 1.61378e-05
0.349 0.00309364 0 0.0132443 82.2797 0 0 82.296 2.62541e-05 1.59507e-05
0.35 0.00233208 0 0.013413 82.2803 0 0 82.296 2.56366e-05 1.55755e-05
0.351 0.0017669 0 0.0134143 82.2808 0 0 82.296 2.47345e-05 1.50275e-05
0.352 0.00139158 0 0.0132528 82.2814 0 0 82.296 2.35795e-05 1.43257e-05
0.353 0.00119524 0 0.0129371 82.2819 0 0 82.296 2.22079e-05 1.34924e-05
0.354 0.00116328 0 0.0124797 82.2824 0 0 82.296 2.066e-05 1.2552e-05
0.355 0.00127801 0 0.0118965 82.2828 0 0 82.296 1.89782e-05 1.15303e-05
0.356 0.00151934 0 0.0112056 82.2833 0 0 82.296 1.72059e-05 1.04535e-05
0.357 0.00186549 0 0.010427 82.2837 0 0 82.296 1.53861e-05 9.34787e-06
0.358 0.00229365 0 0.0095819 82.2841 0 0 82.296 1.35606e-05 8.23877e-06
0.359 0.00278071 0 0.00869202 82.2845 0 0 82.296 1.17686e-05 7.15001e-06
0.36 0.00330385 0 0.00777884 82.2849 0 0 82.296 1.00459e-05 6.10337e-06
0.361 0.00384114 0 0.0068632 82.2853 0 0 82.296 8.42426e-06 5.11817e-06
0.362 0.00437204 0 0.00596468 82.2857 0 0 82.296 6.93095e-06 4.2109e-06
0.363 0.00487789 0 0.00510119 82.286 0 0 82.296 5.58798e-06 3.39499e-06
0.364 0.00534218 0 0.00428862 82.2864 0 0 82.296 4.41217e-06 2.68062e-06
0.365 0.00575092 0 0.00354052 82.2867 0 0 82.296 3.41491e-06 2.07473e-06
0.366 0.00609277 0 0.00286791 82.2871 0 0 82.296 2.60231e-06 1.58104e-06
0.367 0.00635918 0 0.00227917 82.2874 0 0 82.296 1.97537e-06 1.20014e-06
0.368 0.00654437 0 0.00177998 82.2877 0 0 82.296 1.53031e-06 9.29741e-07
0.369 0.00664533 0 0.00137337 82.288 0 0 82.296 1.25902e-06 7.64916e-07
0.37 0.00666166 0 0.00105982 82.2883 0 0 82.296 1.14956e-06 6.98416e-07
0.371 0.00659539 0 0.000837416 82.2886 0 0 82.296 1.18678e-06 7.21029e-07
0.372 0.00645077 0 0.00070209 82.2889 0 0 82.296 1.35291e-06 8.21963e-07
0.373 0.00623396 0 0.000647848 82.2891 0 0 82.296 1.62824e-06 9.89241e-07
0.374 0.00595274 0 0.000667086 82.2894 0 0 82.296 1.99178e-06 1.21011e-06
0.375 0.00561616 0 0.000750893 82.2897 0 0 82.296 2.42188e-06 1.47141e-06
0.376 0.00523425 0 0.000889387 82.2899 0 0 82.296 2.89688e-06 1.76e-06
0.377 0.00481761 0 0.00107204 82.2901 0 0 82.296 3.39568e-06 2.06305e-06
0.378 0.00437713 0 0.001288 82.2904 0 0 82.296 3.89824e-06 2.36838e-06
0.379 0.00392365 0 0.0015264 82.2906 0 0 82.296 4.38604e-06 2.66474e-06
0.38 0.00346768 0 0.00177667 82.2908 0 0 82.296 4.84246e-06 2.94204e-06
0.381 0.00301912 0 0.00202876 82.291 0 0 82.296 5.25311e-06 3.19153e-06
0.382 0.00258706 0 0.00227337 82.2912 0 0 82.296 5.60598e-06 3.40592e-06
0.383 0.00217959 0 0.00250217 82.2913 0 0 82.296 5.89165e-06 3.57948e-06
0.384 0.00180361 0 0.00270795 82.2915 0 0 82.296 6.10335e-06 3.7081e-06
0.385 0.00146479 0 0.00288467 82.2917 0 0 82.296 6.23688e-06 3.78922e-06
0.386 0.00116744 0 0.00302763 82.2918 0 0 82.296 6.29062e-06 3.82187e-06
0.387 0.000914556 0 0.0031334 82.292 0 0 82.296 6.2653e-06 3.80649e-06
0.388 0.000707768 0 0.0031999 82.2921 0 0 82.296 6.16388e-06 3.74487e-06
0.389 0.000547432 0 0.00322628 82.2923 0 0 82.296 5.99127e-06 3.64e-06
0.39 0.000432698 0 0.00321292 82.2924 0 0 82.296 5.75402e-06 3.49586e-06
0.391 0.000361613 0 0.00316129 82.2925 0 0 82.296 5.4601e-06 3.31729e-06
0.392 0.000331257 0 0.00307384 82.2926 0 0 82.296 5.11852e-06 3.10976e-06
0.393 0.000337886 0 0.00295385 82.2927 0 0 82.296 4.73902e-06 2.8792e-06
0.394 0.000377088 0 0.00280532 82.2928 0 0 82.296 4.33177e-06 2.63177e-06
0.395 0.000443949 0 0.00263274 82.293 0 0 82.296 3.90705e-06 2.37373e-06
0.396 0.000533221 0 0.00244101 82.2931 0 0 82.296 3.47495e-06 2.11121e-06
0.397 0.00063948 0 0.00223522 82.2932 0 0 82.296 3.04515e-06 1.85008e-06
0.398 0.000757286 0 0.00202052 82.2933 0 0 82.296 2.62664e-06 1.59582e-06
0.399 0.000881325 0 0.00180198 82.2933 0 0 82.296 2.22755e-06 1.35335e-06
0.4 0.00100655 0 0.00158444 82.2934 0 0 82.296 1.855e-06 1.12701e-06
0.401 0.00112827 0 0.00137244 82.2935 0 0 82.296 1.51496e-06 9.20417e-07
0.402 0.00124229 0 0.00117005 82.2936 0 0 82.296 1.21218e-06 7.3646e-07
0.403 0.00134496 0 0.000980846 82.2937 0 0 82.296 9.50128e-07 5.77251e-07
0.404 0.00143321 0 0.00080784 82.2938 0 0 82.296 7.31025e-07 4.44135e-07
0.405 0.00150465 0 0.000653421 82.2939 0 0 82.296 5.55836e-07 3.37699e-07
0.406 0.00155754 0 0.000519349 82.294 0 0 82.296 4.2435e-07 2.57814e-07
0.407 0.00159077 0 0.00040675 82.294 0 0 82.296 3.35261e-07 2.03688e-07
0.408 0.00160392 0 0.000316125 82.2941 0 0 82.296 2.86285e-07 1.73933e-07
0.409 0.00159713 0 0.000247387 82.2942 0 0 82.296 2.74285e-07 1.66642e-07
0.41 0.00157112 0 0.000199901 82.2943 0 0 82.296 2.95416e-07 1.7948e-07
0.411 0.00152709 0 0.000172541 82.2943 0 0 82.296 3.45278e-07 2.09774e-07
0.412 0.00146669 0 0.000163751 82.2944 0 0 82.296 4.19073e-07 2.54608e-07
0.413 0.0013919 0 0.000171623 82.2945 0 0 82.296 5.11756e-07 3.10918e-07
0.414 0.00130498 0 0.000193966 82.2945 0 0 82.296 6.1819e-07 3.75582e-07
0.415 0.00120837 0 0.00022839 82.2946 0 0 82.296 7.33285e-07 4.45508e-07
0.416 0.00110465 0 0.000272379 82.2947 0 0 82.296 8.52133e-07 5.17714e-07
0.417 0.000996396 0 0.000323369 82.2947 0 0 82.296 9.70118e-07 5.89396e-07
0.418 0.000886171 0 0.000378819 82.2948 0 0 82.296 1.08302e-06 6.57992e-07
0.419 0.000776424 0 0.000436278 82.2948 0 0 82.296 1.18711e-06 7.21231e-07
0.42 0.000669438 0 0.000493439 82.2949 0 0 82.296 1.27919e-06 7.77172e-07
0.421 0.000567286 0 0.000548197 82.2949 0 0 82.296 1.35665e-06 8.24233e-07
0.422 0.000471782 0 0.000598682 82.295 0 0 82.296 1.4175e-06 8.61204e-07
0.423 0.000384456 0 0.000643298 82.295 0 0 82.296 1.46038e-06 8.87257e-07
0.424 0.000306528 0 0.000680741 82.295 0 0 82.296 1.48454e-06 9.01934e-07
0.425 0.000238902 0 0.000710016 82.2951 0 0 82.296 1.48981e-06 9.05138e-07
0.426 0.000182159 0 0.000730437 82.2951 0 0 82.296 1.47659e-06 8.97103e-07
0.427 0.000136569 0 0.000741625 82.2952 0 0 82.296 1.44575e-06 8.78368e-07
0.428 0.000102099 0 0.000743494 82.2952 0 0 82.296 1.39863e-06 8.49737e-07
0.429 7.8443e-05 0 0.000736233 82.2952 0 0 82.296 1.33691e-06 8.12238e-07
0.43 6.50415e-05 0 0.00072028 82.2952 0 0 82.296 1.26258e-06 7.6708e-07
0.431 6.11193e-05 0 0.00069629 82.2953 0 0 82.296 1.17785e-06 7.15604e-07
0.432 6.57192e-05 0 0.000665104 82.2953 0 0 82.296 1.08508e-06 6.59241e-07
0.433 7.774e-05 0 0.000627712 82.2953 0 0 82.296 9.86686e-07 5.99462e-07
0.434 9.59765e-05 0 0.000585213 82.2953 0 0 82.296 8.85096e-07 5.37741e-07
0.435 0.000119158 0 0.000538777 82.2954 0 0 82.296 7.82667e-07 4.7551e-07
0.436 0.000145986 0 0.000489612 82.2954 0 0 82.296 6.8163e-07 4.14125e-07
0.437 0.000175172 0 0.000438925 82.2954 0 0 82.296 5.84044e-07 3.54836e-07
0.438 0.00020547 0 0.000387889 82.2954 0 0 82.296 4.91744e-07 2.98759e-07
0.439 0.000235706 0 0.000337614 82.2955 0 0 82.296 4.06313e-07 2.46856e-07
0.44 0.000264802 0 0.000289123 82.2955 0 0 82.296 3.29054e-07 1.99917e-07
0.441 0.000291802 0 0.000243327 82.2955 0 0 82.296 2.60976e-07 1.58556e-07
0.442 0.000315884 0 0.000201013 82.2955 0 0 82.296 2.02785e-07 1.23202e-07
0.443 0.000336375 0 0.000162825 82.2955 0 0 82.296 1.5489e-07 9.41036e-08
0.444 0.000352756 0 0.000129262 82.2955 0 0 82.296 1.17409e-07 7.13318e-08
0.445 0.000364663 0 0.000100673 82.2956 0 0 82.296 9.01876e-08 5.47936e-08
0.446 0.00037189 0 7.72551e-05 82.2956 0 0 82.296 7.28246e-08 4.42447e-08
0.447 0.000374377 0 5.90639e-05 82.2956 0 0 82.296 6.46972e-08 3.93069e-08
0.448 0.000372205 0 4.60172e-05 82.2956 0 0 82.296 6.49946e-08 3.94875e-08
0.449 0.000365581 0 3.79088e-05 82.2956 0 0 82.296 7.27522e-08 4.42007e-08
0.45 0.000354823 0 3.44224e-05 82.2956 0 0 82.296 8.68881e-08 5.27889e-08
0.451 0.000340345 0 3.51472e-05 82.2957 0 0 82.296 1.0624e-07 6.45462e-08
0.452 0.000322635 0 3.95957e-05 82.2957 0 0 82.296 1.29601e-07 7.87391e-08
0.453 0.000302242 0 4.72217e-05 82.2957 0 0 82.296 1.55755e-07 9.4629e-08
0.454 0.000279751 0 5.74391e-05 82.2957 0 0 82.296 1.83509e-07 1.11491e-07
0.455 0.000255766 0 6.96401e-05 82.2957 0 0 82.296 2.11725e-07 1.28634e-07
0.456 0.000230895 0 8.32126e-05 82.2957 0 0 82.296 2.39342e-07 1.45412e-07
0.457 0.00020573 0 9.75567e-05 82.2957 0 0 82.296 2.65403e-07 1.61246e-07
0.458 0.000180832 0 0.0001121 82.2957 0 0 82.296 2.8907e-07 1.75625e-07
0.459 0.000156721 0 0.00012631 82.2957 0 0 82.296 3.09641e-07 1.88123e-07
0.46 0.00013386 0 0.000139705 82.2958 0 0 82.296 3.26554e-07 1.98398e-07
0.461 0.000112653 0 0.000151866 82.2958 0 0 82.296 3.39397e-07 2.06201e-07
0.462 9.34294e-05 0 0.000162438 82.2958 0 0 82.296 3.47902e-07 2.11368e-07
0.463 7.64497e-05 0 0.00017114 82.2958 0 0 82.296 3.51948e-07 2.13826e-07
0.464 6.18969e-05 0 0.000177764 82.2958 0 0 82.296 3.51547e-07 2.13583e-07
0.465 4.98796e-05 0 0.000182175 82.2958 0 0 82.296 3.46839e-07 2.10722e-07
0.466 4.04336e-05 0 0.000184312 82.2958 0 0 82.296 3.38073e-07 2.05396e-07
0.467 3.35264e-05 0 0.000184181 82.2958 0 0 82.296 3.25598e-07 1.97817e-07
0.468 2.90625e-05 0 0.000181851 82.2958 0 0 82.296 3.09843e-07 1.88246e-07
0.469 2.68909e-05 0 0.000177448 82.2958 0 0 82.296 2.913e-07 1.7698e-07
0.47 2.68122e-05 0 0.000171149 82.2958 0 0 82.296 2.70507e-07 1.64347e-07
0.471 2.85883e-05 0 0.000163168 82.2958 0 0 82.296 2.48027e-07 1.50689e-07
0.472 3.19507e-05 0 0.000153754 82.2958 0 0 82.296 2.24437e-07 1.36357e-07
0.473 3.66102e-05 0 0.000143179 82.2959 0 0 82.296 2.00306e-07 1.21696e-07
0.474 4.22658e-05 0 0.000131726 82.2959 0 0 82.296 1.76181e-07 1.07039e-07
0.475 4.86139e-05 0 0.000119686 82.2959 0 0 82.296 1.52577e-07 9.26983e-08
0.476 5.53563e-05 0 0.000107347 82.2959 0 0 82.296 1.29961e-07 7.89577e-08
0.477 6.22079e-05 0 9.4985e-05 82.2959 0 0 82.296 1.08744e-07 6.60678e-08
0.478 6.89032e-05 0 8.28596e-05 82.2959 0 0 82.296 8.92777e-08 5.42408e-08
0.479 7.52022e-05 0 7.12076e-05 82.2959 0 0 82.296 7.18423e-08 4.36478e-08
0.48 8.08948e-05 0 6.0238e-05 82.2959 0 0 82.296 5.6649e-08 3.44171e-08
0.481 8.58042e-05 0 5.01286e-05 82.2959 0 0 82.296 4.38375e-08 2.66335e-08
0.482 8.97894e-05 0 4.10232e-05 82.2959 0 0 82.296 3.34775e-08 2.03393e-08
0.483 9.27461e-05 0 3.30304e-05 82.2959 0 0 82.296 2.55716e-08 1.5536e-08
0.484 9.46071e-05 0 2.6223e-05 82.2959 0 0 82.296 2.006e-08 1.21875e-08
0.485 9.53413e-05 0 2.06388e-05 82.2959 0 0 82.296 1.68266e-08 1.0223e-08
0.486 9.49517e-05 0 1.62819e-05 82.2959 0 0 82.296 1.5706e-08 9.54221e-09
0.487 9.34734e-05 0 1.3125e-05 82.2959 0 0 82.296 1.64913e-08 1.00193e-08
0.488 9.09695e-05 0 1.11126e-05 82.2959 0 0 82.296 1.89424e-08 1.15085e-08
0.489 8.75283e-05 0 1.01643e-05 82.2959 0 0 82.296 2.27949e-08 1.38491e-08
0.49 8.32585e-05 0 1.01786e-05 82.2959 0 0 82.296 2.77687e-08 1.68709e-08
0.491 7.82849e-05 0 1.10376e-05 82.2959 0 0 82.296 3.35766e-08 2.03995e-08
0.492 7.27441e-05 0 1.26107e-05 82.2959 0 0 82.296 3.9932e-08 2.42608e-08
0.493 6.67796e-05 0 1.47595e-05 82.2959 0 0 82.296 4.65573e-08 2.82859e-08
0.494 6.05379e-05 0 1.73418e-05 82.296 0 0 82.296 5.31896e-08 3.23154e-08
0.495 5.41638e-05 0 2.02156e-05 82.296 0 0 82.296 5.95873e-08 3.62023e-08
0.496 4.77972e-05 0 2.32432e-05 82.296 0 0 82.296 6.55347e-08 3.98157e-08
0.497 4.15692e-05 0 2.62939e-05 82.296 0 0 82.296 7.08461e-08 4.30426e-08
0.498 3.55992e-05 0 2.92478e-05 82.296 0 0 82.296 7.53682e-08 4.579e-08
0.499 2.99929e-05 0 3.19974e-05 82.296 0 0 82.296 7.89819e-08 4.79855e-08
0.5 2.48401e-05 0 3.44502e-05 82.296 0 0 82.296 8.16031e-08 4.95781e-08
