0.001 7.08828e-11 -3.40225e-10 5.66937e-11 0 2.12649e-10 45.457
0.002 5.78017e-10 -1.088e-09 3.15936e-10 0 1.94044e-10 9.79056
0.003 1.43241e-09 -2.73572e-09 1.11593e-09 0 1.87377e-10 3.54608
0.004 2.62446e-09 -5.52916e-09 2.71185e-09 0 1.92848e-10 1.77487
0.005 4.32783e-09 -9.92174e-09 5.38341e-09 0 2.10494e-10 1.07214
0.006 6.89596e-09 -1.66825e-08 9.5453e-09 0 2.41252e-10 0.728335
0.007 1.08691e-08 -2.70194e-08 1.58621e-08 0 2.88142e-10 0.536072
0.008 1.70136e-08 -4.27613e-08 2.53906e-08 0 3.57059e-10 0.419253
0.009 2.64084e-08 -6.66406e-08 3.9775e-08 0 4.57196e-10 0.344211
0.01 4.05902e-08 -1.0271e-07 6.15183e-08 0 6.0151e-10 0.293679
0.011 6.17652e-08 -1.56932e-07 9.43586e-08 0 8.07921e-10 0.258076
0.012 9.31085e-08 -2.38e-07 1.4379e-07 0 1.10176e-09 0.231999
0.013 1.39184e-07 -3.5849e-07 2.17787e-07 0 1.51962e-09 0.212398
0.014 2.06542e-07 -5.36482e-07 3.27826e-07 0 2.11452e-09 0.197462
0.015 3.04569e-07 -7.97865e-07 4.90334e-07 0 2.96208e-09 0.18597
0.016 4.46677e-07 -1.17959e-06 7.28742e-07 0 4.16805e-09 0.176987
0.017 6.51948e-07 -1.73422e-06 1.07639e-06 0 5.87791e-09 0.169756
0.018 9.47378e-07 -2.53629e-06 1.58062e-06 0 8.28965e-09 0.163688
0.019 1.37092e-06 -3.69103e-06 2.30843e-06 0 1.16711e-08 0.158352
0.02 1.97562e-06 -5.34633e-06 3.35433e-06 0 1.63837e-08 0.153459
0.021 2.83516e-06 -7.70912e-06 4.85105e-06 0 2.29131e-08 0.148832
0.022 4.05137e-06 -1.10674e-05 6.98415e-06 0 3.191e-08 0.14437
0.023 5.76431e-06 -1.58203e-05 1.00117e-05 0 4.42424e-08 0.140024
0.024 8.16563e-06 -2.25174e-05 1.42907e-05 0 6.10634e-08 0.135776
0.025 1.15165e-05 -3.19129e-05 2.03126e-05 0 8.3897e-08 0.13162
0.026 1.61709e-05 -4.50356e-05 2.87499e-05 0 1.14746e-07 0.127558
0.027 2.26068e-05 -6.32822e-05 4.05192e-05 0 1.56229e-07 0.123591
0.028 3.14656e-05 -8.85401e-05 5.68627e-05 0 2.11743e-07 0.119717
0.029 4.36048e-05 -0.000123347 7.94563e-05 0 2.85667e-07 0.115933
0.03 6.01637e-05 -0.000171097 0.00011055 0 3.8361e-07 0.112229
0.031 8.26489e-05 -0.000236311 0.000153149 0 5.12704e-07 0.108599
0.032 0.000113042 -0.000324975 0.000211251 0 6.8196e-07 0.105035
0.033 0.000153935 -0.000444979 0.000290142 0 9.02696e-07 0.101534
0.034 0.000208699 -0.00060667 0.000396782 0 1.18903e-06 0.0980927
0.035 0.000281699 -0.000823541 0.000540283 0 1.55847e-06 0.0947097
0.036 0.000378551 -0.0011131 0.000732519 0 2.03257e-06 0.0913853
0.037 0.000506443 -0.00149795 0.000988872 0 2.63768e-06 0.0881204
0.038 0.000674525 -0.00200711 0.00132917 0 3.40581e-06 0.0849158
0.039 0.00089438 -0.0026776 0.00177885 0 4.37548e-06 0.0817719
0.04 0.00118059 -0.0035565 0.00237032 0 5.59275e-06 0.0786891
0.041 0.00155138 -0.00470319 0.0031447 0 7.11216e-06 0.0756671
0.042 0.00202945 -0.00619232 0.00415387 0 8.99776e-06 0.0727054
0.043 0.00264284 -0.00811705 0.00546289 0 1.13241e-05 0.0698035
0.044 0.00342603 -0.0105931 0.0071529 0 1.41769e-05 0.0669607
0.045 0.00442108 -0.0137633 0.00932456 0 1.76543e-05 0.0641766
0.046 0.00567904 -0.0178029 0.012102 0 2.18666e-05 0.0614509
0.047 0.00726145 -0.0229257 0.0156373 0 2.69371e-05 0.0587834
0.048 0.00924196 -0.0293907 0.0201157 0 3.30016e-05 0.0561744
0.049 0.0117081 -0.0375102 0.0257618 0 4.02073e-05 0.0536239
0.05 0.0147633 -0.0476576 0.0328455 0 4.87119e-05 0.0511323
0.051 0.0185287 -0.060277 0.0416896 0 5.86809e-05 0.0486997
0.052 0.0231452 -0.075893 0.0526774 0 7.02844e-05 0.0463264
0.053 0.0287755 -0.0951203 0.0662612 0 8.36927e-05 0.0440124
0.054 0.0356055 -0.118675 0.0829706 0 9.90708e-05 0.0417578
0.055 0.0438464 -0.147385 0.103422 0 0.000116572 0.0395624
0.056 0.0537358 -0.182197 0.128325 0 0.000136328 0.0374262
0.057 0.0655377 -0.224193 0.158497 0 0.000158444 0.0353489
0.058 0.0795435 -0.274588 0.194861 0 0.000182983 0.0333306
0.059 0.0960705 -0.334742 0.238462 0 0.000209959 0.0313711
0.06 0.11546 -0.406163 0.290464 0 0.000239325 0.0294704
0.061 0.138075 -0.490503 0.352157 0 0.000270961 0.0276284
0.062 0.164294 -0.589551 0.424952 0 0.000304663 0.0258453
0.063 0.194507 -0.705228 0.510381 0 0.000340135 0.0241211
0.064 0.229106 -0.839564 0.610082 0 0.00037698 0.022456
0.065 0.268475 -0.994678 0.725788 0 0.000414698 0.0208502
0.066 0.312982 -1.17274 0.859307 0 0.000452684 0.019304
0.067 0.362961 -1.37594 1.01249 0 0.000490232 0.0178176
0.068 0.418699 -1.60643 1.1872 0 0.000526544 0.0163913
0.069 0.480418 -1.86626 1.38528 0 0.000560748 0.0150256
0.07 0.548259 -2.15733 1.60848 0 0.00059192 0.0137207
0.071 0.622263 -2.48129 1.85841 0 0.000619114 0.0124772
0.072 0.702347 -2.8395 2.13651 0 0.000641401 0.0112955
0.073 0.788293 -3.23289 2.44393 0 0.000657914 0.0101764
0.074 0.879722 -3.66189 2.7815 0 0.0006679 0.00912044
0.075 0.976086 -4.12637 3.14961 0 0.000670772 0.00812853
0.076 1.07665 -4.62552 3.54821 0 0.000666177 0.00720162
0.077 1.18048 -5.15778 3.97664 0 0.000654049 0.00634081
0.078 1.28647 -5.72078 4.43368 0 0.000634672 0.00554738
0.079 1.39328 -6.31129 4.9174 0 0.000608732 0.0048228
0.08 1.49942 -6.92516 5.42517 0 0.000577365 0.00416878
0.081 1.60321 -7.55738 5.95362 0 0.000542188 0.00358727
0.082 1.70286 -8.20203 6.49867 0 0.000505318 0.00308054
0.083 1.79643 -8.85242 7.05552 0 0.000469377 0.00265119
0.084 1.88197 -9.50112 7.61871 0 0.000437463 0.00230222
0.085 1.95747 -10.1401 8.18224 0 0.000413116 0.00203708
0.086 2.02101 -10.761 8.73963 0 0.000400242 0.00185972
0.087 2.07074 -11.3553 9.28412 0 0.00040303 0.00177467
0.088 2.10504 -11.9143 9.80884 0 0.000425831 0.00178709
0.089 2.1225 -12.43 10.307 0 0.000473028 0.00190281
0.09 2.12208 -12.8948 10.7721 0 0.000548888 0.00212838
0.091 2.1031 -13.3021 11.1984 0 0.000657397 0.00247109
0.092 2.06538 -13.6468 11.5806 0 0.000802102 0.00293887
0.093 2.00925 -13.9253 11.915 0 0.000985941 0.00354024
0.094 1.93559 -14.1358 12.199 0 0.0012111 0.00428399
0.095 1.84592 -14.279 12.4316 0 0.00147887 0.00517875
0.096 1.74236 -14.3579 12.6137 0 0.00178955 0.00623233
0.097 1.62767 -14.378 12.7482 0 0.00214234 0.00745061
0.098 1.50522 -14.3478 12.84 0 0.00253533 0.00881737
0.099 1.37897 -14.2783 12.8964 0 0.00296548 0.0103133
0.1 1.25338 -14.1833 12.9265 0 0.00342865 0.0119241
0.101 1.13338 -14.0792 12.9419 0 0.00391966 0.0136318
0.102 1.02426 -13.9844 12.9557 0 0.00443242 0.0154151
0.103 0.931582 -13.9194 12.9829 0 0.00496006 0.0172501
0.104 0.861034 -13.9062 13.0396 0 0.00549509 0.0191108
0.105 0.818338 -13.9676 13.1432 0 0.00602956 0.0209696
0.106 0.809101 -14.1268 13.3111 0 0.00655528 0.0227979
0.107 0.838682 -14.4068 13.5611 0 0.00706398 0.0245221
0.108 0.912061 -14.8296 13.91 0 0.00754751 0.0254538
0.109 1.0337 -15.4157 14.374 0 0.00799796 0.0259478
0.11 1.20744 -16.183 14.9671 0 0.00840788 0.0259843
0.111 1.43633 -17.1467 15.7016 0 0.0087703 0.0255808
0.112 1.7226 -18.3187 16.587 0 0.00907893 0.0247867
0.113 2.06751 -19.7065 17.6296 0 0.00932817 0.0236734
0.114 2.47128 -21.3135 18.8328 0 0.0095132 0.0223223
0.115 2.93304 -23.1386 20.1959 0 0.00963004 0.0208138
0.116 3.45077 -25.1756 21.7151 0 0.00967559 0.0192199
0.117 4.02127 -27.4136 23.3827 0 0.00964771 0.0175996
0.118 4.64015 -29.8373 25.1876 0 0.00954527 0.0159981
0.119 5.30182 -32.4265 27.1153 0 0.00936825 0.0144475
0.12 5.99952 -35.1573 29.1486 0 0.00911785 0.0129689
0.121 6.72535 -38.0021 31.268 0 0.0087966 0.0115752
0.122 7.47037 -40.9305 33.4517 0 0.00840854 0.0102728
0.123 8.22462 -43.9097 35.6771 0 0.00795928 0.00906406
0.124 8.9773 -46.9054 37.9206 0 0.00745621 0.00794878
0.125 9.71687 -49.8825 40.1587 0 0.00690858 0.00692534
0.126 10.4312 -52.806 42.3684 0 0.00632752 0.00599166
0.127 11.1079 -55.6417 44.528 0 0.00572611 0.00514579
0.128 11.7343 -58.357 46.6176 0 0.00511925 0.00438634
0.129 12.2979 -60.9217 48.6193 0 0.0045235 0.00371269
0.13 12.7867 -63.3084 50.5178 0 0.00395684 0.00312515
0.131 13.1891 -65.4932 52.3006 0 0.00343822 0.00262494
0.132 13.495 -67.4564 53.9585 0 0.00298711 0.00221415
0.133 13.6951 -69.1825 55.4848 0 0.00262288 0.00189566
0.134 13.7819 -70.6606 56.8763 0 0.00236413 0.0016729
0.135 13.7501 -71.8847 58.1323 0 0.00222795 0.00154969
0.136 13.5963 -72.8535 59.255 0 0.00222913 0.00152989
0.137 13.3196 -73.5706 60.2486 0 0.00237941 0.00161712
0.138 12.9218 -74.044 61.1195 0 0.00268678 0.00181435
0.139 12.4073 -74.2861 61.8757 0 0.00315481 0.00212346
0.14 11.7834 -74.3134 62.5262 0 0.00378218 0.00254481
0.141 11.0601 -74.1455 63.0809 0 0.00456233 0.00306974
0.142 10.25 -73.8056 63.5501 0 0.00548334 0.00368943
0.143 9.36826 -73.3188 63.944 0 0.00652795 0.00439229
0.144 8.43198 -72.7124 64.2728 0 0.00767391 0.00516334
0.145 7.46014 -72.0149 64.5459 0 0.00889445 0.00598457
0.146 6.47299 -71.2554 64.7723 0 0.010159 0.00683545
0.147 5.49162 -70.4629 64.9598 0 0.0114343 0.00769351
0.148 4.53734 -69.6657 65.1157 0 0.0126851 0.00853512
0.149 3.63116 -68.891 65.2459 0 0.0138758 0.00933622
0.15 2.79318 -68.1641 65.3559 0 0.0149711 0.0100732
0.151 2.042 -67.5079 65.45 0 0.0159381 0.0107238
0.152 1.39422 -66.9427 65.5318 0 0.0167466 0.0112679
0.153 0.8639 -66.4856 65.6044 0 0.017371 0.011688
0.154 0.462171 -66.1503 65.6703 0 0.0177907 0.0119703
0.155 0.196894 -65.9468 65.7319 0 0.0179911 0.0121052
0.156 0.0724149 -65.8813 65.7909 0 0.0179643 0.0120871
0.157 0.089442 -65.9565 65.8493 0 0.017709 0.0119154
0.158 0.245023 -66.1712 65.9089 0 0.0172311 0.0115939
0.159 0.532641 -66.5207 65.9715 0 0.016543 0.0111308
0.16 0.942414 -66.9971 66.039 0 0.0156632 0.0105389
0.161 1.4614 -67.5895 66.1135 0 0.014616 0.00983429
0.162 2.074 -68.2845 66.197 0 0.0134303 0.00903647
0.163 2.76241 -69.0663 66.2918 0 0.0121385 0.00816731
0.164 3.50716 -69.9178 66.3998 0 0.0107757 0.00725038
0.165 4.28769 -70.8205 66.5234 0 0.00937833 0.00631015
0.166 5.08292 -71.7553 66.6644 0 0.00798278 0.00537116
0.167 5.87187 -72.7032 66.8247 0 0.00662453 0.00445727
0.168 6.63423 -73.6454 67.0059 0 0.00533685 0.00359087
0.169 7.35086 -74.5641 67.2091 0 0.00414988 0.00278284
0.17 8.00435 -75.4427 67.4352 0 0.00308979 0.00204781
0.171 8.57939 -76.2663 67.6847 0 0.00217806 0.00142795
0.172 9.06312 -77.0221 67.9576 0 0.00143107 0.000929008
0.173 9.44542 -77.6996 68.2533 0 0.000859713 0.000553232
0.174 9.71908 -78.2907 68.5711 0 0.000469351 0.00029975
0.175 9.87987 -78.7897 68.9096 0 0.000259872 0.000164915
0.176 9.92653 -79.1937 69.267 0 0.000225947 0.000142655
0.177 9.86071 -79.5023 69.6412 0 0.00035744 0.000224799
0.178 9.6868 -79.7174 70.03 0 0.000639948 0.000401387
0.179 9.41165 -79.8434 70.4307 0 0.00105545 0.000660953
0.18 9.04433 -79.8864 70.8405 0 0.00158301 0.000990801
0.181 8.59574 -79.8545 71.2565 0 0.00219961 0.00137672
0.182 8.07827 -79.7572 71.6761 0 0.00288085 0.00180311
0.183 7.50539 -79.6052 72.0962 0 0.00360183 0.00225437
0.184 6.89122 -79.4097 72.5141 0 0.00433786 0.00271505
0.185 6.25017 -79.1827 72.9274 0 0.00506517 0.00317027
0.186 5.5965 -78.936 73.3337 0 0.00576155 0.00360613
0.187 4.94398 -78.6812 73.7309 0 0.00640692 0.00401006
0.188 4.30559 -78.4296 74.117 0 0.00698374 0.00437109
0.189 3.69317 -78.1913 74.4907 0 0.00747739 0.00468007
0.19 3.11723 -77.9757 74.8505 0 0.00787641 0.00492981
0.191 2.58673 -77.7906 75.1957 0 0.00817261 0.0051152
0.192 2.10895 -77.6428 75.5255 0 0.00836111 0.00523318
0.193 1.68944 -77.5374 75.8395 0 0.00844029 0.00528274
0.194 1.33192 -77.478 76.1376 0 0.00841161 0.00526479
0.195 1.03836 -77.4666 76.4199 0 0.00827938 0.00518202
0.196 0.809026 -77.5038 76.6868 0 0.00805044 0.00503873
0.197 0.64257 -77.5888 76.9385 0 0.00773387 0.00484059
0.198 0.536197 -77.7194 77.1759 0 0.00734052 0.00459439
0.199 0.485824 -77.8922 77.3995 0 0.00688264 0.00430781
0.2 0.486277 -78.1029 77.6102 0 0.00637347 0.00398913
0.201 0.5315 -78.3462 77.8089 0 0.00582678 0.00364695
0.202 0.614779 -78.6164 77.9964 0 0.00525645 0.00328999
0.203 0.728957 -78.9071 78.1735 0 0.00467615 0.00292678
0.204 0.866659 -79.2119 78.3412 0 0.00409894 0.0025655
0.205 1.0205 -79.5242 78.5001 0 0.00353694 0.00221375
0.206 1.18326 -79.8375 78.6513 0 0.00300114 0.0018784
0.207 1.34812 -80.1458 78.7952 0 0.0025011 0.00156037
0.208 1.50872 -80.4433 78.9326 0 0.00204487 0.00127102
0.209 1.65938 -80.725 79.064 0 0.00163881 0.00101507
0.21 1.79516 -80.9864 79.19 0 0.0012876 0.000794952
0.211 1.91192 -81.2238 79.3109 0 0.000994166 0.000611995
0.212 2.00643 -81.4344 79.4272 0 0.000759795 0.00046651
0.213 2.0763 -81.616 79.5391 0 0.000584165 0.000357875
0.214 2.12008 -81.7675 79.6469 0 0.000465485 0.00028464
0.215 2.13715 -81.8884 79.7508 0 0.000400647 0.000244631
0.216 2.12771 -81.979 79.8509 0 0.000385398 0.00023506
0.217 2.09271 -82.0405 79.9474 0 0.000414536 0.000252642
0.218 2.03376 -82.0745 80.0403 0 0.000482116 0.000293707
0.219 1.95306 -82.0833 80.1297 0 0.000581658 0.000354311
0.22 1.85326 -82.0696 80.2157 0 0.000706361 0.000430272
0.221 1.73738 -82.0364 80.2982 0 0.000849304 0.000517344
0.222 1.6087 -81.9871 80.3774 0 0.00100364 0.000611356
0.223 1.47064 -81.925 80.4532 0 0.00116277 0.000708286
0.224 1.32666 -81.8537 80.5257 0 0.00132049 0.000804363
0.225 1.18019 -81.7767 80.595 0 0.00147116 0.000896144
0.226 1.03447 -81.6973 80.6612 0 0.00160978 0.000980583
0.227 0.892565 -81.6185 80.7242 0 0.00173209 0.00105508
0.228 0.757215 -81.5433 80.7842 0 0.00183461 0.00111753
0.229 0.630834 -81.4741 80.8414 0 0.00191471 0.00116633
0.23 0.515445 -81.4131 80.8957 0 0.0019706 0.00120037
0.231 0.412659 -81.362 80.9474 0 0.0020013 0.00121907
0.232 0.32366 -81.3222 80.9965 0 0.00200663 0.00122232
0.233 0.2492 -81.2945 81.0433 0 0.00198715 0.00121045
0.234 0.189615 -81.2794 81.0878 0 0.00194407 0.00118421
0.235 0.144836 -81.277 81.1303 0 0.00187922 0.00114471
0.236 0.114429 -81.287 81.1708 0 0.00179489 0.00109334
0.237 0.0976232 -81.3089 81.2096 0 0.00169377 0.00103174
0.238 0.0933618 -81.3416 81.2467 0 0.00157886 0.000961745
0.239 0.100345 -81.3842 81.2824 0 0.00145333 0.000885278
0.24 0.117086 -81.4351 81.3167 0 0.00132044 0.000804332
0.241 0.14196 -81.493 81.3498 0 0.00118346 0.000720893
0.242 0.173258 -81.5561 81.3818 0 0.00104556 0.000636891
0.243 0.20924 -81.623 81.4128 0 0.000909723 0.000554148
0.244 0.24818 -81.6919 81.4429 0 0.000778707 0.000474341
0.245 0.288413 -81.7613 81.4722 0 0.000654961 0.000398962
0.246 0.328375 -81.8296 81.5007 0 0.000540592 0.000329296
0.247 0.366634 -81.8956 81.5285 0 0.000437329 0.000266394
0.248 0.401923 -81.9579 81.5556 0 0.000346502 0.000211068
0.249 0.433157 -82.0155 81.5821 0 0.000269038 0.000163882
0.25 0.459451 -82.0676 81.6079 0 0.00020546 0.000125154
0.251 0.480128 -82.1134 81.6331 0 0.000155903 9.49316e-05
0.252 0.494724 -82.1526 81.6577 0 0.000120138 7.31187e-05
0.253 0.502982 -82.1848 81.6817 0 9.76023e-05 5.93798e-05
0.254 0.504842 -82.21 81.705 0 8.744e-05 5.31809e-05
0.255 0.500434 -82.2282 81.7277 0 8.85431e-05 5.38399e-05
0.256 0.490054 -82.2399 81.7497 0 9.95995e-05 6.05543e-05
0.257 0.474149 -82.2453 81.7711 0 0.000119142 7.24311e-05
0.258 0.45329 -82.2451 81.7917 0 0.0001456 8.85155e-05
0.259 0.428149 -82.2399 81.8116 0 0.000177343 0.000107814
0.26 0.399473 -82.2304 81.8308 0 0.000212736 0.00012933
0.261 0.36806 -82.2175 81.8492 0 0.000250177 0.000152092
0.262 0.334732 -82.2019 81.8669 0 0.000288137 0.000175169
0.263 0.300308 -82.1845 81.8838 0 0.000325199 0.000197701
0.264 0.26559 -82.166 81.9 0 0.000360086 0.00021891
0.265 0.231333 -82.1472 81.9155 0 0.000391681 0.000238118
0.266 0.198237 -82.1289 81.9302 0 0.000419051 0.000254757
0.267 0.166923 -82.1116 81.9443 0 0.000441453 0.000268376
0.268 0.13793 -82.096 81.9576 0 0.000458343 0.000278644
0.269 0.1117 -82.0825 81.9703 0 0.000469376 0.000285351
0.27 0.0885757 -82.0715 81.9824 0 0.000474396 0.000288403
0.271 0.0687992 -82.0632 81.9939 0 0.000473432 0.000287817
0.272 0.0525101 -82.0578 82.0048 0 0.00046668 0.000283713
0.273 0.0397503 -82.0554 82.0152 0 0.000454489 0.000276301
0.274 0.0304695 -82.056 82.0251 0 0.000437334 0.000265872
0.275 0.0245329 -82.0595 82.0346 0 0.0004158 0.00025278
0.276 0.0217307 -82.0658 82.0436 0 0.000390555 0.000237433
0.277 0.021789 -82.0744 82.0523 0 0.000362327 0.000220272
0.278 0.0243815 -82.0853 82.0606 0 0.00033188 0.000201762
0.279 0.029142 -82.098 82.0686 0 0.000299989 0.000182374
0.28 0.0356767 -82.1123 82.0763 0 0.000267419 0.000162574
0.281 0.0435766 -82.1276 82.0838 0 0.000234907 0.000142809
0.282 0.0524296 -82.1436 82.091 0 0.00020314 0.000123497
0.283 0.0618314 -82.16 82.098 0 0.000172745 0.000105018
0.284 0.0713959 -82.1763 82.1048 0 0.000144271 8.77078e-05
0.285 0.0807637 -82.1923 82.1114 0 0.000118183 7.18478e-05
0.286 0.08961 -82.2076 82.1179 0 9.4854e-05 5.76653e-05
0.287 0.0976507 -82.2219 82.1242 0 7.45628e-05 4.53296e-05
0.288 0.104647 -82.235 82.1303 0 5.74916e-05 3.49513e-05
0.289 0.110407 -82.2467 82.1363 0 4.37284e-05 2.65837e-05
0.29 0.114791 -82.257 82.1421 0 3.32715e-05 2.02241e-05
0.291 0.117707 -82.2656 82.1478 0 2.60354e-05 1.5824e-05
0.292 0.119113 -82.2725 82.1534 0 2.18593e-05 1.32847e-05
0.293 0.119012 -82.2778 82.1587 0 2.05163e-05 1.24677e-05
0.294 0.117449 -82.2814 82.164 0 2.17243e-05 1.32012e-05
0.295 0.11451 -82.2836 82.169 0 2.51573e-05 1.52869e-05
0.296 0.110312 -82.2843 82.174 0 3.04571e-05 1.85072e-05
0.297 0.105 -82.2837 82.1787 0 3.72453e-05 2.26321e-05
0.298 0.0987397 -82.2821 82.1833 0 4.51344e-05 2.74259e-05
0.299 0.091714 -82.2794 82.1877 0 5.37391e-05 3.26545e-05
0.3 0.084114 -82.2761 82.1919 0 6.26858e-05 3.8091e-05
0.301 0.0761346 -82.2722 82.196 0 7.16224e-05 4.35213e-05
0.302 0.0679687 -82.2679 82.1998 0 8.02253e-05 4.87489e-05
0.303 0.059802 -82.2634 82.2035 0 8.82064e-05 5.35986e-05
0.304 0.0518087 -82.259 82.2071 0 9.5318e-05 5.79199e-05
0.305 0.0441473 -82.2547 82.2105 0 0.000101356 6.15891e-05
0.306 0.0369576 -82.2507 82.2137 0 0.000106164 6.45103e-05
0.307 0.0303582 -82.2472 82.2167 0 0.00010963 6.66164e-05
0.308 0.024445 -82.2442 82.2196 0 0.00011169 6.78684e-05
0.309 0.0192897 -82.2418 82.2224 0 0.000112326 6.82546e-05
0.31 0.0149401 -82.2401 82.2251 0 0.000111559 6.77887e-05
0.311 0.0114202 -82.2391 82.2276 0 0.000109451 6.65078e-05
0.312 0.00873129 -82.2388 82.23 0 0.000106096 6.44692e-05
0.313 0.00685344 -82.2392 82.2323 0 0.000101618 6.1748e-05
0.314 0.00574765 -82.2403 82.2344 0 9.61629e-05 5.84333e-05
0.315 0.00535813 -82.242 82.2365 0 8.98956e-05 5.4625e-05
0.316 0.00561498 -82.2443 82.2386 0 8.2992e-05 5.04301e-05
0.317 0.00643703 -82.247 82.2405 0 7.56346e-05 4.59593e-05
0.318 0.00773481 -82.2502 82.2424 0 6.80063e-05 4.1324e-05
0.319 0.00941349 -82.2536 82.2442 0 6.02863e-05 3.66329e-05
0.32 0.0113758 -82.2574 82.2459 0 5.26446e-05 3.19895e-05
0.321 0.0135247 -82.2612 82.2476 0 4.52387e-05 2.74893e-05
0.322 0.015766 -82.2651 82.2493 0 3.821e-05 2.32183e-05
0.323 0.0180108 -82.2689 82.2509 0 3.16808e-05 1.92508e-05
0.324 0.020177 -82.2727 82.2525 0 2.5753e-05 1.56488e-05
0.325 0.0221915 -82.2762 82.254 0 2.05063e-05 1.24606e-05
0.326 0.0239912 -82.2795 82.2555 0 1.59977e-05 9.72096e-06
0.327 0.0255241 -82.2825 82.257 0 1.22615e-05 7.45069e-06
0.328 0.0267495 -82.2852 82.2584 0 9.31028e-06 5.65733e-06
0.329 0.0276389 -82.2875 82.2598 0 7.13573e-06 4.33585e-06
0.33 0.0281753 -82.2894 82.2612 0 5.71045e-06 3.46974e-06
0.331 0.028353 -82.2909 82.2625 0 4.99004e-06 3.03195e-06
0.332 0.028177 -82.292 82.2638 0 4.91545e-06 2.98659e-06
0.333 0.0276618 -82.2927 82.2651 0 5.41557e-06 3.29043e-06
0.334 0.0268309 -82.2931 82.2663 0 6.40999e-06 3.89461e-06
0.335 0.0257148 -82.2932 82.2675 0 7.81177e-06 4.74631e-06
0.336 0.0243499 -82.293 82.2686 0 9.53022e-06 5.7904e-06
0.337 0.0227775 -82.2925 82.2697 0 1.14735e-05 6.97113e-06
0.338 0.0210417 -82.2918 82.2707 0 1.35514e-05 8.23359e-06
0.339 0.0191884 -82.291 82.2718 0 1.5677e-05 9.52512e-06
0.34 0.0172637 -82.29 82.2727 0 1.77696e-05 1.07965e-05
0.341 0.0153128 -82.289 82.2737 0 1.97557e-05 1.20032e-05
0.342 0.0133788 -82.2879 82.2745 0 2.15706e-05 1.31059e-05
0.343 0.0115018 -82.2869 82.2754 0 2.31596e-05 1.40714e-05
0.344 0.00971745 -82.2859 82.2762 0 2.44787e-05 1.48729e-05
0.345 0.00805718 -82.285 82.277 0 2.5495e-05 1.54904e-05
0.346 0.00654701 -82.2843 82.2777 0 2.61866e-05 1.59106e-05
0.347 0.00520744 -82.2836 82.2784 0 2.65425e-05 1.61268e-05
0.348 0.00405328 -82.2831 82.279 0 2.6562e-05 1.61386e-05
0.349 0.00309364 -82.2828 82.2797 0 2.62541e-05 1.59516e-05
0.35 0.00233208 -82.2826 82.2803 0 2.56366e-05 1.55764e-05
0.351 0.0017669 -82.2826 82.2808 0 2.47345e-05 1.50283e-05
0.352 0.00139158 -82.2828 82.2814 0 2.35795e-05 1.43265e-05
0.353 0.00119524 -82.2831 82.2819 0 2.22079e-05 1.34932e-05
0.354 0.00116328 -82.2836 82.2824 0 2.066e-05 1.25527e-05
0.355 0.00127801 -82.2841 82.2828 0 1.89782e-05 1.15309e-05
0.356 0.00151934 -82.2848 82.2833 0 1.72059e-05 1.0454e-05
0.357 0.00186549 -82.2856 82.2837 0 1.53861e-05 9.34837e-06
0.358 0.00229365 -82.2864 82.2841 0 1.35606e-05 8.23922e-06
0.359 0.00278071 -82.2873 82.2845 0 1.17686e-05 7.15039e-06
0.36 0.00330385 -82.2883 82.2849 0 1.00459e-05 6.1037e-06
0.361 0.00384114 -82.2892 82.2853 0 8.42426e-06 5.11845e-06
0.362 0.00437204 -82.2901 82.2857 0 6.93095e-06 4.21113e-06
0.363 0.00487789 -82.2909 82.286 0 5.58798e-06 3.39517e-06
0.364 0.00534218 -82.2917 82.2864 0 4.41217e-06 2.68076e-06
0.365 0.00575092 -82.2925 82.2867 0 3.41491e-06 2.07485e-06
0.366 0.00609277 -82.2932 82.2871 0 2.60231e-06 1.58112e-06
0.367 0.00635918 -82.2938 82.2874 0 1.97537e-06 1.2002e-06
0.368 0.00654437 -82.2943 82.2877 0 1.53031e-06 9.29779e-07
0.369 0.00664533 -82.2947 82.288 0 1.25902e-06 7.64943e-07
0.37 0.00666166 -82.295 82.2883 0 1.14956e-06 6.98439e-07
0.371 0.00659539 -82.2952 82.2886 0 1.18678e-06 7.21051e-07
0.372 0.00645077 -82.2953 82.2889 0 1.35291e-06 8.21986e-07
0.373 0.00623396 -82.2954 82.2891 0 1.62824e-06 9.89268e-07
0.374 0.00595274 -82.2954 82.2894 0 1.99178e-06 1.21014e-06
0.375 0.00561616 -82.2953 82.2897 0 2.42188e-06 1.47145e-06
0.376 0.00523425 -82.2951 82.2899 0 2.89688e-06 1.76005e-06
0.377 0.00481761 -82.295 82.2901 0 3.39568e-06 2.0631e-06
0.378 0.00437713 -82.2947 82.2904 0 3.89824e-06 2.36844e-06
0.379 0.00392365 -82.2945 82.2906 0 4.38604e-06 2.66481e-06
0.38 0.00346768 -82.2943 82.2908 0 4.84246e-06 2.94212e-06
0.381 0.00301912 -82.294 82.291 0 5.25311e-06 3.19162e-06
0.382 0.00258706 -82.2938 82.2912 0 5.60598e-06 3.40601e-06
0.383 0.00217959 -82.2935 82.2913 0 5.89165e-06 3.57958e-06
0.384 0.00180361 -82.2933 82.2915 0 6.10335e-06 3.7082e-06
0.385 0.00146479 -82.2931 82.2917 0 6.23688e-06 3.78933e-06
0.386 0.00116744 -82.293 82.2918 0 6.29062e-06 3.82197e-06
0.387 0.000914556 -82.2929 82.292 0 6.2653e-06 3.80659e-06
0.388 0.000707768 -82.2928 82.2921 0 6.16388e-06 3.74498e-06
0.389 0.000547432 -82.2928 82.2923 0 5.99127e-06 3.6401e-06
0.39 0.000432698 -82.2928 82.2924 0 5.75402e-06 3.49596e-06
0.391 0.000361613 -82.2929 82.2925 0 5.4601e-06 3.31738e-06
0.392 0.000331257 -82.293 82.2926 0 5.11852e-06 3.10985e-06
0.393 0.000337886 -82.2931 82.2927 0 4.73902e-06 2.87928e-06
0.394 0.000377088 -82.2932 82.2928 0 4.33177e-06 2.63184e-06
0.395 0.000443949 -82.2934 82.293 0 3.90705e-06 2.3738e-06
0.396 0.000533221 -82.2936 82.2931 0 3.47495e-06 2.11127e-06
0.397 0.00063948 -82.2938 82.2932 0 3.04515e-06 1.85013e-06
0.398 0.000757286 -82.294 82.2933 0 2.62664e-06 1.59586e-06
0.399 0.000881325 -82.2942 82.2933 0 2.22755e-06 1.35339e-06
0.4 0.00100655 -82.2944 82.2934 0 1.855e-06 1.12704e-06
0.401 0.00112827 -82.2947 82.2935 0 1.51496e-06 9.20442e-07
0.402 0.00124229 -82.2949 82.2936 0 1.21218e-06 7.3648e-07
0.403 0.00134496 -82.2951 82.2937 0 9.50128e-07 5.77267e-07
0.404 0.00143321 -82.2952 82.2938 0 7.31025e-07 4.44147e-07
0.405 0.00150465 -82.2954 82.2939 0 5.55836e-07 3.37708e-07
0.406 0.00155754 -82.2955 82.294 0 4.2435e-07 2.57821e-07
0.407 0.00159077 -82.2956 82.294 0 3.35261e-07 2.03693e-07
0.408 0.00160392 -82.2957 82.2941 0 2.86285e-07 1.73937e-07
0.409 0.00159713 -82.2958 82.2942 0 2.74285e-07 1.66646e-07
0.41 0.00157112 -82.2958 82.2943 0 2.95416e-07 1.79484e-07
0.411 0.00152709 -82.2959 82.2943 0 3.45278e-07 2.09779e-07
0.412 0.00146669 -82.2959 82.2944 0 4.19073e-07 2.54614e-07
0.413 0.0013919 -82.2959 82.2945 0 5.11756e-07 3.10924e-07
0.414 0.00130498 -82.2958 82.2945 0 6.1819e-07 3.7559e-07
0.415 0.00120837 -82.2958 82.2946 0 7.33285e-07 4.45518e-07
0.416 0.00110465 -82.2958 82.2947 0 8.52133e-07 5.17725e-07
0.417 0.000996396 -82.2957 82.2947 0 9.70118e-07 5.89409e-07
0.418 0.000886171 -82.2957 82.2948 0 1.08302e-06 6.58006e-07
0.419 0.000776424 -82.2956 82.2948 0 1.18711e-06 7.21246e-07
0.42 0.000669438 -82.2955 82.2949 0 1.27919e-06 7.77189e-07
0.421 0.000567286 -82.2955 82.2949 0 1.35665e-06 8.2425e-07
0.422 0.000471782 -82.2954 82.295 0 1.4175e-06 8.61223e-07
0.423 0.000384456 -82.2954 82.295 0 1.46038e-06 8.87276e-07
0.424 0.000306528 -82.2954 82.295 0 1.48454e-06 9.01953e-07
0.425 0.000238902 -82.2953 82.2951 0 1.48981e-06 9.05157e-07
0.426 0.000182159 -82.2953 82.2951 0 1.47659e-06 8.97122e-07
0.427 0.000136569 -82.2953 82.2952 0 1.44575e-06 8.78386e-07
0.428 0.000102099 -82.2953 82.2952 0 1.39863e-06 8.49755e-07
0.429 7.8443e-05 -82.2953 82.2952 0 1.33691e-06 8.12255e-07
0.43 6.50415e-05 -82.2953 82.2952 0 1.26258e-06 7.67096e-07
0.431 6.11193e-05 -82.2953 82.2953 0 1.17785e-06 7.15619e-07
0.432 6.57192e-05 -82.2954 82.2953 0 1.08508e-06 6.59255e-07
0.433 7.774e-05 -82.2954 82.2953 0 9.86686e-07 5.99475e-07
0.434 9.59765e-05 -82.2954 82.2953 0 8.85096e-07 5.37752e-07
0.435 0.000119158 -82.2955 82.2954 0 7.82667e-07 4.7552e-07
0.436 0.000145986 -82.2955 82.2954 0 6.8163e-07 4.14134e-07
0.437 0.000175172 -82.2956 82.2954 0 5.84044e-07 3.54844e-07
0.438 0.00020547 -82.2956 82.2954 0 4.91744e-07 2.98766e-07
0.439 0.000235706 -82.2957 82.2955 0 4.06313e-07 2.46861e-07
0.44 0.000264802 -82.2957 82.2955 0 3.29054e-07 1.99921e-07
0.441 0.000291802 -82.2958 82.2955 0 2.60976e-07 1.58559e-07
0.442 0.000315884 -82.2958 82.2955 0 2.02785e-07 1.23205e-07
0.443 0.000336375 -82.2959 82.2955 0 1.5489e-07 9.41056e-08
0.444 0.000352756 -82.2959 82.2955 0 1.17409e-07 7.13333e-08
0.445 0.000364663 -82.2959 82.2956 0 9.01876e-08 5.47947e-08
0.446 0.00037189 -82.296 82.2956 0 7.28246e-08 4.42456e-08
0.447 0.000374377 -82.296 82.2956 0 6.46972e-08 3.93076e-08
0.448 0.000372205 -82.296 82.2956 0 6.49946e-08 3.94883e-08
0.449 0.000365581 -82.296 82.2956 0 7.27522e-08 4.42015e-08
0.45 0.000354823 -82.296 82.2956 0 8.68881e-08 5.279e-08
0.451 0.000340345 -82.296 82.2957 0 1.0624e-07 6.45474e-08
0.452 0.000322635 -82.296 82.2957 0 1.29601e-07 7.87407e-08
0.453 0.000302242 -82.296 82.2957 0 1.55755e-07 9.46309e-08
0.454 0.000279751 -82.296 82.2957 0 1.83509e-07 1.11493e-07
0.455 0.000255766 -82.296 82.2957 0 2.11725e-07 1.28636e-07
0.456 0.000230895 -82.2959 82.2957 0 2.39342e-07 1.45415e-07
0.457 0.00020573 -82.2959 82.2957 0 2.65403e-07 1.61249e-07
0.458 0.000180832 -82.2959 82.2957 0 2.8907e-07 1.75628e-07
0.459 0.000156721 -82.2959 82.2957 0 3.09641e-07 1.88126e-07
0.46 0.00013386 -82.2959 82.2958 0 3.26554e-07 1.98402e-07
0.461 0.000112653 -82.2959 82.2958 0 3.39397e-07 2.06205e-07
0.462 9.34294e-05 -82.2959 82.2958 0 3.47902e-07 2.11373e-07
0.463 7.64497e-05 -82.2959 82.2958 0 3.51948e-07 2.13831e-07
0.464 6.18969e-05 -82.2959 82.2958 0 3.51547e-07 2.13587e-07
0.465 4.98796e-05 -82.2958 82.2958 0 3.46839e-07 2.10726e-07
0.466 4.04336e-05 -82.2958 82.2958 0 3.38073e-07 2.05401e-07
0.467 3.35264e-05 -82.2958 82.2958 0 3.25598e-07 1.97821e-07
0.468 2.90625e-05 -82.2958 82.2958 0 3.09843e-07 1.88249e-07
0.469 2.68909e-05 -82.2959 82.2958 0 2.913e-07 1.76983e-07
0.47 2.68122e-05 -82.2959 82.2958 0 2.70507e-07 1.6435e-07
0.471 2.85883e-05 -82.2959 82.2958 0 2.48027e-07 1.50692e-07
0.472 3.19507e-05 -82.2959 82.2958 0 2.24437e-07 1.3636e-07
0.473 3.66102e-05 -82.2959 82.2959 0 2.00306e-07 1.21698e-07
0.474 4.22658e-05 -82.2959 82.2959 0 1.76181e-07 1.07041e-07
0.475 4.86139e-05 -82.2959 82.2959 0 1.52577e-07 9.27001e-08
0.476 5.53563e-05 -82.2959 82.2959 0 1.29961e-07 7.89592e-08
0.477 6.22079e-05 -82.2959 82.2959 0 1.08744e-07 6.60691e-08
0.478 6.89032e-05 -82.2959 82.2959 0 8.92777e-08 5.42419e-08
0.479 7.52022e-05 -82.296 82.2959 0 7.18423e-08 4.36487e-08
0.48 8.08948e-05 -82.296 82.2959 0 5.6649e-08 3.44178e-08
0.481 8.58042e-05 -82.296 82.2959 0 4.38375e-08 2.66341e-08
0.482 8.97894e-05 -82.296 82.2959 0 3.34775e-08 2.03397e-08
0.483 9.27461e-05 -82.296 82.2959 0 2.55716e-08 1.55364e-08
0.484 9.46071e-05 -82.296 82.2959 0 2.006e-08 1.21877e-08
0.485 9.53413e-05 -82.296 82.2959 0 1.68266e-08 1.02232e-08
0.486 9.49517e-05 -82.296 82.2959 0 1.5706e-08 9.54239e-09
0.487 9.34734e-05 -82.296 82.2959 0 1.64913e-08 1.00195e-08
0.488 9.09695e-05 -82.296 82.2959 0 1.89424e-08 1.15087e-08
0.489 8.75283e-05 -82.296 82.2959 0 2.27949e-08 1.38493e-08
0.49 8.32585e-05 -82.296 82.2959 0 2.77687e-08 1.68712e-08
0.491 7.82849e-05 -82.296 82.2959 0 3.35766e-08 2.03999e-08
0.492 7.27441e-05 -82.296 82.2959 0 3.9932e-08 2.42612e-08
0.493 6.67796e-05 -82.296 82.2959 0 4.65573e-08 2.82865e-08
0.494 6.05379e-05 -82.296 82.296 0 5.31896e-08 3.2316e-08
0.495 5.41638e-05 -82.296 82.296 0 5.95873e-08 3.6203e-08
0.496 4.77972e-05 -82.296 82.296 0 6.55347e-08 3.98165e-08
0.497 4.15692e-05 -82.296 82.296 0 7.08461e-08 4.30435e-08
0.498 3.55992e-05 -82.296 82.296 0 7.53682e-08 4.57909e-08
0.499 2.99929e-05 -82.296 82.296 0 7.89819e-08 4.79864e-08
0.5 2.48401e-05 -82.296 82.296 0 8.16031e-08 4.9579e-08
