0.001 74.5968 0 16.2635 4.05569e-12 0 0 -0 -90.8603 -100
0.002 56.5661 0 33.1939 7.34335e-12 0 0 -0 -89.76 -98.789
0.003 44.2797 0 45.1104 1.20415e-10 0 0 -0 -89.39 -98.3819
0.004 43.2133 0 46.7545 2.9387e-10 0 0 -0 -89.9678 -99.0177
0.005 46.0655 0 44.5069 1.12988e-09 0 0 -0 -90.5724 -99.6831
0.006 44.7205 0 45.7385 7.39662e-09 0 0 -0 -90.459 -99.5583
0.007 40.2654 0 49.7005 1.60948e-08 0 0 -0 -89.9659 -99.0156
0.008 38.9371 0 50.9385 2.82197e-08 0 0 -0 -89.8756 -98.9163
0.009 42 0 48.278 1.51697e-07 0 0 -0 -90.278 -99.3591
0.01 44.3555 0 46.1863 4.86325e-07 0 0 -0 -90.5418 -99.6494
0.011 42.5538 0 47.7468 7.41261e-07 0 0 -0 -90.3006 -99.384
0.012 39.6029 0 50.3514 1.23501e-06 0 0 -0 -89.9543 -99.0028
0.013 39.9513 0 50.0684 5.19131e-06 0 0 -0 -90.0197 -99.0748
0.014 42.828 0 47.5408 1.5488e-05 0 0 -0 -90.3687 -99.459
0.015 43.7823 0 46.6838 2.54952e-05 0 0 -0 -90.4661 -99.5662
0.016 41.522 0 48.6627 3.06237e-05 0 0 -0 -90.1848 -99.2565
0.017 39.6126 0 50.353 7.56555e-05 0 0 -0 -89.9656 -99.0153
0.018 40.8805 0 49.2496 0.000256985 0 0 -0 -90.1304 -99.1966
0.019 43.2561 0 47.1556 0.000575777 0 0 -0 -90.4122 -99.5069
0.02 43.1295 0 47.2543 0.000817457 0 0 -0 -90.3846 -99.4765
0.021 40.8167 0 49.2866 0.000931533 0 0 -0 -90.1042 -99.1679
0.022 39.8891 0 50.1113 0.00186313 0 0 -0 -90.0022 -99.0556
0.023 41.6719 0 48.5448 0.0054808 0 0 -0 -90.2222 -99.2977
0.024 43.355 0 47.0488 0.0123021 0 0 -0 -90.4161 -99.5112
0.025 42.3934 0 47.8738 0.0190797 0 0 -0 -90.2863 -99.3682
0.026 40.3466 0 49.6653 0.0218641 0 0 -0 -90.0338 -99.0904
0.027 40.3918 0 49.6247 0.0263271 0 0 -0 -90.0428 -99.1003
0.028 42.4256 0 47.8079 0.0546667 0 0 -0 -90.2881 -99.3703
0.029 43.2048 0 47.022 0.131925 0 0 -0 -90.3587 -99.448
0.03 41.2816 0 48.5268 0.252744 0 0 -0 -90.0611 -99.1204
0.031 39.3245 0 50.028 0.364968 0 0 -0 -89.7175 -98.7423
0.032 40.3558 0 48.9607 0.415032 0 0 -0 -89.7315 -98.7577
0.033 43.3364 0 46.251 0.444855 0 0 -0 -90.0322 -99.0887
0.034 44.3224 0 45.1603 0.645208 0 0 -0 -90.1279 -99.1939
0.035 41.4279 0 46.9448 1.25916 0 0 -0 -89.6319 -98.648
0.036 36.9287 0 49.3031 2.35471 0 0 -0 -88.5864 -97.4974
0.037 34.4025 0 49.2772 3.66076 0 0 -0 -87.3405 -96.1261
0.038 35.2732 0 46.3512 4.68795 0 0 -0 -86.3124 -94.9946
0.039 38.4998 0 42.2041 5.13462 0 0 -0 -85.8385 -94.4731
0.04 42.034 0 38.6309 5.27156 0 0 -0 -85.9365 -94.5809
0.041 43.4673 0 36.6225 5.923 0 0 -0 -86.0129 -94.665
0.042 40.5578 0 36.4812 7.96127 0 0 -0 -85.0003 -93.5505
0.043 33.1066 0 37.3584 11.6715 0 0 -0 -82.1365 -90.3987
0.044 24.1944 0 37.0177 16.4986 0 0 -0 -77.7108 -85.5278
0.045 17.7908 0 33.722 21.38 0 0 -0 -72.8928 -80.2251
0.046 14.6232 0 28.7645 25.3786 0 0 -0 -68.7662 -75.6835
0.047 11.8544 0 25.6808 28.1183 0 0 -0 -65.6535 -72.2576
0.048 7.59765 0 26.0096 29.7702 0 0 -0 -63.3774 -69.7526
0.049 4.09831 0 27.0132 30.7433 0 0 -0 -61.8548 -68.0768
0.05 4.62496 0 25.0791 31.4066 0 0 -0 -61.1107 -67.2578
0.051 8.17875 0 20.6556 32.0026 0 0 -0 -60.837 -66.9566
0.052 9.95966 0 17.7576 32.6683 0 0 -0 -60.3856 -66.4598
0.053 7.61031 0 18.3682 33.4367 0 0 -0 -59.4152 -65.3918
0.054 4.51961 0 19.5661 34.2219 0 0 -0 -58.3076 -64.1728
0.055 5.11127 0 17.6934 34.8687 0 0 -0 -57.6733 -63.4747
0.056 8.53727 0 13.7522 35.2709 0 0 -0 -57.5603 -63.3504
0.057 9.85812 0 12.1471 35.4508 0 0 -0 -57.4561 -63.2357
0.058 7.17788 0 14.365 35.5189 0 0 -0 -57.0618 -62.8016
0.059 4.44859 0 16.691 35.566 0 0 -0 -56.7056 -62.4096
0.06 5.76691 0 15.4236 35.6104 0 0 -0 -56.8008 -62.5145
0.061 9.37649 0 12.1524 35.6374 0 0 -0 -57.1663 -62.9167
0.062 10.1518 0 11.4268 35.6573 0 0 -0 -57.2359 -62.9933
0.063 7.01996 0 14.1429 35.7014 0 0 -0 -56.8643 -62.5843
0.064 4.5168 0 16.2454 35.7753 0 0 -0 -56.5375 -62.2247
0.065 6.20023 0 14.6203 35.8458 0 0 -0 -56.6663 -62.3665
0.066 9.54274 0 11.5696 35.8821 0 0 -0 -56.9944 -62.7275
0.067 9.71577 0 11.3792 35.8935 0 0 -0 -56.9885 -62.721
0.068 6.61862 0 14.0952 35.9133 0 0 -0 -56.6272 -62.3234
0.069 4.83336 0 15.6337 35.9529 0 0 -0 -56.42 -62.0954
0.07 6.74202 0 13.905 35.991 0 0 -0 -56.638 -62.3353
0.071 9.12851 0 11.774 36.0075 0 0 -0 -56.91 -62.6346
0.072 8.25507 0 12.5215 36.0122 0 0 -0 -56.7887 -62.5011
0.073 5.65447 0 14.7513 36.0288 0 0 -0 -56.4345 -62.1113
0.074 5.78625 0 14.5347 36.0611 0 0 -0 -56.3821 -62.0536
0.075 8.98422 0 11.6522 36.0895 0 0 -0 -56.7259 -62.432
0.076 10.442 0 10.4049 36.1003 0 0 -0 -56.9471 -62.6755
0.077 7.19278 0 13.3695 36.1046 0 0 -0 -56.6669 -62.367
0.078 2.96244 0 17.144 36.1209 0 0 -0 -56.2273 -61.8833
0.079 3.43356 0 16.6454 36.1485 0 0 -0 -56.2275 -61.8835
0.08 8.32779 0 12.168 36.1702 0 0 -0 -56.666 -62.3661
0.081 11.5906 0 9.16497 36.1772 0 0 -0 -56.9328 -62.6597
0.082 9.55083 0 10.9358 36.1811 0 0 -0 -56.6677 -62.368
0.083 5.61988 0 14.4385 36.1958 0 0 -0 -56.2542 -61.9129
0.084 5.14394 0 14.8919 36.2185 0 0 -0 -56.2544 -61.913
0.085 7.99231 0 12.3903 36.2345 0 0 -0 -56.6171 -62.3122
0.086 9.28105 0 11.2678 36.239 0 0 -0 -56.7879 -62.5003
0.087 6.68409 0 13.5942 36.2429 0 0 -0 -56.5212 -62.2067
0.088 3.62909 0 16.3217 36.2561 0 0 -0 -56.2068 -61.8607
0.089 4.15145 0 15.8504 36.274 0 0 -0 -56.2759 -61.9367
0.09 7.24307 0 13.0598 36.2856 0 0 -0 -56.5884 -62.2807
0.091 8.69978 0 11.6882 36.2886 0 0 -0 -56.6766 -62.3777
0.092 7.25406 0 12.8903 36.2914 0 0 -0 -56.4358 -62.1127
0.093 5.95339 0 13.9879 36.3001 0 0 -0 -56.2414 -61.8987
0.094 7.27537 0 12.7797 36.3105 0 0 -0 -56.3656 -62.0355
0.095 9.56855 0 10.708 36.3162 0 0 -0 -56.5928 -62.2855
0.096 9.82908 0 10.43 36.3174 0 0 -0 -56.5764 -62.2675
0.097 8.19222 0 11.8484 36.3189 0 0 -0 -56.3595 -62.0288
0.098 7.4097 0 12.5472 36.322 0 0 -0 -56.2789 -61.94
0.099 8.52815 0 11.5876 36.324 0 0 -0 -56.4397 -62.117
0.1 9.51783 0 10.7316 36.3246 0 0 -0 -56.574 -62.2648
0.101 8.66567 0 11.4805 36.3268 0 0 -0 -56.473 -62.1537
0.102 7.2212 0 12.7533 36.3305 0 0 -0 -56.305 -61.9688
0.103 7.27271 0 12.7325 36.3323 0 0 -0 -56.3375 -62.0046
0.104 8.3996 0 11.7778 36.3352 0 0 -0 -56.5126 -62.1972
0.105 8.41557 0 11.7714 36.3512 0 0 -0 -56.5381 -62.2253
0.106 6.95207 0 13.0097 36.3859 0 0 -0 -56.3477 -62.0157
0.107 6.14643 0 13.6409 36.424 0 0 -0 -56.2113 -61.8657
0.108 7.27243 0 12.6074 36.4434 0 0 -0 -56.3232 -61.9888
0.109 8.58394 0 11.4626 36.4507 0 0 -0 -56.4972 -62.1804
0.11 7.85657 0 12.0879 36.4915 0 0 -0 -56.436 -62.1129
0.111 5.82165 0 13.7339 36.6078 0 0 -0 -56.1633 -61.8128
0.112 5.1913 0 14.0012 36.7817 0 0 -0 -55.9742 -61.6046
0.113 6.66831 0 12.3934 36.9361 0 0 -0 -55.9978 -61.6307
0.114 7.96002 0 11.0744 37.0089 0 0 -0 -56.0433 -61.6808
0.115 7.24148 0 11.6614 37.0277 0 0 -0 -55.9306 -61.5567
0.116 5.75191 0 12.9075 37.0971 0 0 -0 -55.7565 -61.3651
0.117 5.63911 0 12.7418 37.301 0 0 -0 -55.682 -61.2831
0.118 6.54503 0 11.4538 37.6155 0 0 -0 -55.6143 -61.2086
0.119 6.31626 0 11.1002 37.9232 0 0 -0 -55.3397 -60.9064
0.12 4.68365 0 12.1258 38.1155 0 0 -0 -54.9249 -60.4498
0.121 3.97422 0 12.5649 38.1806 0 0 -0 -54.7197 -60.224
0.122 5.49053 0 11.183 38.1986 0 0 -0 -54.8722 -60.3918
0.123 7.15427 0 9.64959 38.2599 0 0 -0 -55.0637 -60.6026
0.124 6.38044 0 10.1428 38.3925 0 0 -0 -54.9157 -60.4397
0.125 4.06524 0 11.8956 38.5584 0 0 -0 -54.5192 -60.0034
0.126 3.47174 0 12.1338 38.7018 0 0 -0 -54.3074 -59.7702
0.127 5.36125 0 10.2764 38.7944 0 0 -0 -54.4321 -59.9074
0.128 6.67501 0 9.03781 38.8418 0 0 -0 -54.5546 -60.0423
0.129 5.03861 0 10.4636 38.8636 0 0 -0 -54.3659 -59.8346
0.13 2.50853 0 12.679 38.876 0 0 -0 -54.0635 -59.5018
0.131 2.75666 0 12.4186 38.8873 0 0 -0 -54.0625 -59.5007
0.132 5.60413 0 9.85286 38.9013 0 0 -0 -54.3583 -59.8262
0.133 7.0589 0 8.52722 38.9174 0 0 -0 -54.5035 -59.9861
0.134 5.07323 0 10.2559 38.9305 0 0 -0 -54.2596 -59.7176
0.135 2.62927 0 12.3976 38.9362 0 0 -0 -53.963 -59.3912
0.136 3.44806 0 11.6546 38.9399 0 0 -0 -54.0426 -59.4788
0.137 6.47927 0 8.93989 38.9594 0 0 -0 -54.3786 -59.8486
0.138 7.31611 0 8.12071 39.0169 0 0 -0 -54.4537 -59.9312
0.139 4.59555 0 10.3705 39.1244 0 0 -0 -54.0904 -59.5314
0.14 2.033 0 12.3934 39.2748 0 0 -0 -53.7012 -59.1031
0.141 3.04758 0 11.1929 39.4452 0 0 -0 -53.6857 -59.086
0.142 5.80724 0 8.44353 39.6085 0 0 -0 -53.8593 -59.277
0.143 5.94405 0 8.05941 39.7461 0 0 -0 -53.7496 -59.1563
0.144 2.94935 0 10.5117 39.853 0 0 -0 -53.314 -58.6769
0.145 0.885739 0 12.1932 39.9347 0 0 -0 -53.0136 -58.3463
0.146 2.4365 0 10.6988 40.002 0 0 -0 -53.1372 -58.4824
0.147 5.06214 0 8.248 40.066 0 0 -0 -53.3761 -58.7453
0.148 4.82394 0 8.31465 40.1364 0 0 -0 -53.275 -58.634
0.149 2.12634 0 10.5425 40.2195 0 0 -0 -52.8883 -58.2084
0.15 0.945437 0 11.4173 40.3154 0 0 -0 -52.6782 -57.9771
0.151 2.85547 0 9.55066 40.4157 0 0 -0 -52.8218 -58.1352
0.152 4.78221 0 7.67431 40.5062 0 0 -0 -52.9627 -58.2903
0.153 3.71143 0 8.47668 40.5741 0 0 -0 -52.7622 -58.0696
0.154 1.21922 0 10.5817 40.6153 0 0 -0 -52.4162 -57.6888
0.155 1.07823 0 10.6513 40.6355 0 0 -0 -52.3651 -57.6325
0.156 3.58523 0 8.40633 40.6444 0 0 -0 -52.636 -57.9307
0.157 5.09222 0 7.05851 40.6492 0 0 -0 -52.7999 -58.1111
0.158 3.4049 0 8.54447 40.6532 0 0 -0 -52.6026 -57.8939
0.159 1.00252 0 10.6672 40.6596 0 0 -0 -52.3293 -57.5932
0.16 1.35032 0 10.3467 40.6727 0 0 -0 -52.3697 -57.6376
0.161 3.83468 0 8.11089 40.6941 0 0 -0 -52.6396 -57.9347
0.162 4.77734 0 7.21989 40.7186 0 0 -0 -52.7159 -58.0186
0.163 2.89165 0 8.84009 40.7375 0 0 -0 -52.4692 -57.7472
0.164 1.0677 0 10.4358 40.7461 0 0 -0 -52.2497 -57.5055
0.165 1.99131 0 9.62054 40.7488 0 0 -0 -52.3606 -57.6276
0.166 4.22442 0 7.6384 40.753 0 0 -0 -52.6159 -57.9085
0.167 4.47228 0 7.39596 40.761 0 0 -0 -52.6293 -57.9233
0.168 2.47249 0 9.14713 40.768 0 0 -0 -52.3876 -57.6573
0.169 1.22744 0 10.2551 40.7705 0 0 -0 -52.253 -57.5092
0.17 2.44631 0 9.19301 40.7727 0 0 -0 -52.412 -57.6841
0.171 4.12364 0 7.70139 40.7818 0 0 -0 -52.6068 -57.8986
0.172 3.7197 0 8.01844 40.7985 0 0 -0 -52.5367 -57.8214
0.173 1.95874 0 9.5335 40.8148 0 0 -0 -52.307 -57.5686
0.174 1.56941 0 9.8638 40.8229 0 0 -0 -52.2561 -57.5126
0.175 3.08748 0 8.5281 40.8249 0 0 -0 -52.4405 -57.7155
0.176 4.15021 0 7.58238 40.8294 0 0 -0 -52.5619 -57.8492
0.177 3.19882 0 8.39106 40.8408 0 0 -0 -52.4307 -57.7048
0.178 1.8098 0 9.58348 40.8548 0 0 -0 -52.2481 -57.5037
0.179 2.15423 0 9.26837 40.8638 0 0 -0 -52.2864 -57.5459
0.18 3.62317 0 7.98092 40.8664 0 0 -0 -52.4705 -57.7485
0.181 3.83693 0 7.79744 40.8675 0 0 -0 -52.5019 -57.7831
0.182 2.4023 0 9.0515 40.8715 0 0 -0 -52.3253 -57.5887
0.183 1.54333 0 9.7924 40.8775 0 0 -0 -52.2133 -57.4654
0.184 2.6162 0 8.8416 40.8824 0 0 -0 -52.3401 -57.6051
0.185 3.93723 0 7.68495 40.8845 0 0 -0 -52.5067 -57.7884
0.186 3.35964 0 8.20103 40.8851 0 0 -0 -52.4458 -57.7213
0.187 1.66401 0 9.69108 40.8853 0 0 -0 -52.2404 -57.4953
0.188 1.46478 0 9.85433 40.8856 0 0 -0 -52.2047 -57.456
0.189 3.19442 0 8.3202 40.8866 0 0 -0 -52.4013 -57.6724
0.19 4.32433 0 7.3222 40.8881 0 0 -0 -52.5347 -57.8192
0.191 3.14412 0 8.3643 40.889 0 0 -0 -52.3974 -57.6681
0.192 1.41093 0 9.89054 40.89 0 0 -0 -52.1915 -57.4415
0.193 1.76026 0 9.56927 40.8972 0 0 -0 -52.2267 -57.4802
0.194 3.70874 0 7.81834 40.9172 0 0 -0 -52.4443 -57.7197
0.195 4.32891 0 7.21946 40.9477 0 0 -0 -52.4961 -57.7767
0.196 2.66555 0 8.63317 40.9746 0 0 -0 -52.2734 -57.5316
0.197 1.2279 0 9.87086 40.9863 0 0 -0 -52.0851 -57.3243
0.198 2.22175 0 8.98724 40.9905 0 0 -0 -52.1995 -57.4503
0.199 4.16585 0 7.25302 41.0113 0 0 -0 -52.4301 -57.7041
0.2 4.06495 0 7.27197 41.0627 0 0 -0 -52.3997 -57.6706
0.201 1.9465 0 9.02709 41.1297 0 0 -0 -52.1033 -57.3444
0.202 0.901378 0 9.84617 41.1802 0 0 -0 -51.9277 -57.1512
0.203 2.46731 0 8.41852 41.1994 0 0 -0 -52.0852 -57.3245
0.204 4.26768 0 6.82769 41.2045 0 0 -0 -52.2999 -57.5608
0.205 3.53286 0 7.4625 41.2229 0 0 -0 -52.2183 -57.4709
0.206 1.2844 0 9.3908 41.2597 0 0 -0 -51.9349 -57.1591
0.207 0.862558 0 9.69159 41.2954 0 0 -0 -51.8495 -57.0651
0.208 2.91923 0 7.83508 41.3124 0 0 -0 -52.0667 -57.3041
0.209 4.37597 0 6.54615 41.3159 0 0 -0 -52.238 -57.4926
0.21 2.99004 0 7.7724 41.3222 0 0 -0 -52.0847 -57.3239
0.211 0.746386 0 9.73786 41.3354 0 0 -0 -51.8197 -57.0323
0.212 0.95487 0 9.53246 41.3453 0 0 -0 -51.8326 -57.0465
0.213 3.31524 0 7.43998 41.3482 0 0 -0 -52.1034 -57.3445
0.214 4.31627 0 6.54831 41.3579 0 0 -0 -52.2225 -57.4756
0.215 2.43395 0 8.17235 41.3883 0 0 -0 -51.9946 -57.2248
0.216 0.416293 0 9.88317 41.431 0 0 -0 -51.7304 -56.934
0.217 1.22915 0 9.09975 41.462 0 0 -0 -51.7909 -57.0006
0.218 3.65962 0 6.92598 41.4718 0 0 -0 -52.0574 -57.2939
0.219 4.10374 0 6.5279 41.4792 0 0 -0 -52.1108 -57.3527
0.22 1.89017 0 8.4501 41.5093 0 0 -0 -51.8495 -57.0651
0.221 0.252402 0 9.81625 41.5623 0 0 -0 -51.631 -56.8246
0.222 1.53564 0 8.5878 41.6129 0 0 -0 -51.7363 -56.9405
0.223 3.76159 0 6.55969 41.6394 0 0 -0 -51.9607 -57.1875
0.224 3.60509 0 6.68069 41.6456 0 0 -0 -51.9314 -57.1552
0.225 1.30863 0 8.71034 41.6496 0 0 -0 -51.6685 -56.8659
0.226 0.25793 0 9.63299 41.6591 0 0 -0 -51.55 -56.7355
0.227 1.93605 0 8.13891 41.6672 0 0 -0 -51.7422 -56.947
0.228 3.78691 0 6.49514 41.6697 0 0 -0 -51.9518 -57.1776
0.229 3.08112 0 7.10705 41.6755 0 0 -0 -51.8636 -57.0806
0.23 0.942657 0 8.96791 41.6945 0 0 -0 -51.6051 -56.7961
0.231 0.579241 0 9.24652 41.7217 0 0 -0 -51.5475 -56.7327
0.232 2.47318 0 7.53805 41.741 0 0 -0 -51.7522 -56.958
0.233 3.73579 0 6.40781 41.7468 0 0 -0 -51.8904 -57.1101
0.234 2.48672 0 7.50309 41.7523 0 0 -0 -51.7421 -56.9469
0.235 0.629838 0 9.11613 41.7732 0 0 -0 -51.5192 -56.7015
0.236 0.927411 0 8.79983 41.8084 0 0 -0 -51.5356 -56.7196
0.237 2.85911 0 7.03418 41.841 0 0 -0 -51.7342 -56.9382
0.238 3.47224 0 6.45272 41.8581 0 0 -0 -51.7831 -56.992
0.239 1.84982 0 7.87197 41.8624 0 0 -0 -51.5842 -56.773
0.24 0.442232 0 9.11608 41.8636 0 0 -0 -51.4219 -56.5945
0.241 1.33116 0 8.33415 41.8658 0 0 -0 -51.5311 -56.7147
0.242 3.11846 0 6.75665 41.867 0 0 -0 -51.7421 -56.9469
0.243 3.08972 0 6.77741 41.8696 0 0 -0 -51.7367 -56.941
0.244 1.30818 0 8.33136 41.8825 0 0 -0 -51.522 -56.7047
0.245 0.460311 0 9.03805 41.911 0 0 -0 -51.4094 -56.5807
0.246 1.7659 0 7.82531 41.9479 0 0 -0 -51.5391 -56.7235
0.247 3.17523 0 6.52143 41.9789 0 0 -0 -51.6756 -56.8736
0.248 2.52553 0 7.05442 41.9956 0 0 -0 -51.5755 -56.7635
0.249 0.811827 0 8.55111 42.0008 0 0 -0 -51.3638 -56.5305
0.25 0.631312 0 8.7104 42.0021 0 0 -0 -51.3438 -56.5085
0.251 2.2248 0 7.30751 42.0031 0 0 -0 -51.5354 -56.7194
0.252 3.1415 0 6.49812 42.0038 0 0 -0 -51.6434 -56.8382
0.253 1.99176 0 7.5072 42.005 0 0 -0 -51.504 -56.6848
0.254 0.547577 0 8.77233 42.0094 0 0 -0 -51.3294 -56.4926
0.255 1.01384 0 8.34977 42.0175 0 0 -0 -51.3812 -56.5496
0.256 2.66063 0 6.8851 42.0262 0 0 -0 -51.5719 -56.7596
0.257 2.95372 0 6.61531 42.0318 0 0 -0 -51.6008 -56.7914
0.258 1.44044 0 7.94089 42.0339 0 0 -0 -51.4153 -56.5872
0.259 0.446641 0 8.81221 42.0345 0 0 -0 -51.2934 -56.453
0.26 1.51401 0 7.87109 42.0348 0 0 -0 -51.4199 -56.5923
0.261 3.02161 0 6.54515 42.0351 0 0 -0 -51.6019 -56.7926
0.262 2.64673 0 6.87621 42.0365 0 0 -0 -51.5595 -56.7459
0.263 0.931505 0 8.38072 42.0402 0 0 -0 -51.3524 -56.518
0.264 0.493831 0 8.75311 42.0456 0 0 -0 -51.2926 -56.4521
0.265 2.03665 0 7.38346 42.0499 0 0 -0 -51.47 -56.6475
0.266 3.22926 0 6.33237 42.0515 0 0 -0 -51.6131 -56.8049
0.267 2.22167 0 7.22423 42.0525 0 0 -0 -51.4984 -56.6787
0.268 0.491266 0 8.74485 42.0563 0 0 -0 -51.2924 -56.452
0.269 0.657152 0 8.58344 42.063 0 0 -0 -51.3036 -56.4643
0.27 2.50851 0 6.93711 42.0688 0 0 -0 -51.5144 -56.6963
0.271 3.26845 0 6.264 42.071 0 0 -0 -51.6035 -56.7943
0.272 1.76428 0 7.59322 42.072 0 0 -0 -51.4295 -56.6028
0.273 0.232566 0 8.93899 42.0763 0 0 -0 -51.2479 -56.4029
0.274 0.984986 0 8.25786 42.0854 0 0 -0 -51.3282 -56.4914
0.275 2.91239 0 6.53779 42.0953 0 0 -0 -51.5455 -56.7305
0.276 3.11476 0 6.3485 42.1014 0 0 -0 -51.5647 -56.7516
0.277 1.25703 0 7.98611 42.1033 0 0 -0 -51.3464 -56.5114
0.278 0.105133 0 9.00187 42.104 0 0 -0 -51.211 -56.3624
0.279 1.3928 0 7.86045 42.1063 0 0 -0 -51.3595 -56.5258
0.28 3.20245 0 6.25661 42.1098 0 0 -0 -51.5688 -56.7562
0.281 2.81704 0 6.59307 42.1125 0 0 -0 -51.5226 -56.7053
0.282 0.795526 0 8.3769 42.1136 0 0 -0 -51.286 -56.4449
0.283 0.154477 0 8.94238 42.1138 0 0 -0 -51.2106 -56.362
0.284 1.85616 0 7.43861 42.114 0 0 -0 -51.4088 -56.58
0.285 3.35735 0 6.11223 42.1143 0 0 -0 -51.5839 -56.7728
0.286 2.40841 0 6.95064 42.1145 0 0 -0 -51.4736 -56.6514
0.287 0.423566 0 8.70415 42.1146 0 0 -0 -51.2423 -56.3968
0.288 0.370782 0 8.7503 42.1148 0 0 -0 -51.2358 -56.3897
0.289 2.33266 0 7.01598 42.1151 0 0 -0 -51.4637 -56.6405
0.29 3.38176 0 6.0879 42.1153 0 0 -0 -51.585 -56.774
0.291 1.95724 0 7.34582 42.1154 0 0 -0 -51.4185 -56.5907
0.292 0.193829 0 8.90409 42.1155 0 0 -0 -51.2134 -56.365
0.293 0.724972 0 8.43524 42.1156 0 0 -0 -51.2758 -56.4337
0.294 2.75059 0 6.64484 42.1159 0 0 -0 -51.5114 -56.6929
0.295 3.24518 0 6.20598 42.1163 0 0 -0 -51.5675 -56.7547
0.296 1.48118 0 7.76317 42.1168 0 0 -0 -51.3611 -56.5276
0.297 0.0999642 0 8.98368 42.1173 0 0 -0 -51.201 -56.3513
0.298 1.15307 0 8.0533 42.1181 0 0 -0 -51.3245 -56.4872
0.299 3.05182 0 6.37345 42.1189 0 0 -0 -51.5441 -56.729
0.3 2.96593 0 6.4458 42.1194 0 0 -0 -51.5312 -56.7147
0.301 1.04795 0 8.13929 42.1196 0 0 -0 -51.3069 -56.4679
0.302 0.170975 0 8.91643 42.1199 0 0 -0 -51.2073 -56.3582
0.303 1.61937 0 7.63791 42.1209 0 0 -0 -51.3782 -56.5464
0.304 3.20077 0 6.23594 42.1233 0 0 -0 -51.56 -56.7464
0.305 2.56109 0 6.79258 42.126 0 0 -0 -51.4797 -56.6581
0.306 0.690879 0 8.44018 42.1279 0 0 -0 -51.259 -56.4151
0.307 0.393221 0 8.70538 42.1285 0 0 -0 -51.2271 -56.38
0.308 2.07463 0 7.22327 42.1288 0 0 -0 -51.4267 -56.5997
0.309 3.18249 0 6.24207 42.1298 0 0 -0 -51.5543 -56.7402
0.31 2.07098 0 7.21756 42.1311 0 0 -0 -51.4196 -56.592
0.311 0.445452 0 8.65101 42.1317 0 0 -0 -51.2282 -56.3813
0.312 0.750329 0 8.38495 42.1321 0 0 -0 -51.2673 -56.4244
0.313 2.49242 0 6.84726 42.1339 0 0 -0 -51.4736 -56.6513
0.314 3.02856 0 6.36622 42.1376 0 0 -0 -51.5324 -56.7161
0.315 1.56973 0 7.64383 42.1413 0 0 -0 -51.3548 -56.5207
0.316 0.340417 0 8.72558 42.1428 0 0 -0 -51.2088 -56.3599
0.317 1.18766 0 7.98046 42.1436 0 0 -0 -51.3117 -56.4732
0.318 2.8016 0 6.55353 42.1475 0 0 -0 -51.5026 -56.6833
0.319 2.72845 0 6.60353 42.1557 0 0 -0 -51.4877 -56.6669
0.32 1.08841 0 8.03189 42.1646 0 0 -0 -51.2849 -56.4437
0.321 0.370056 0 8.65554 42.1696 0 0 -0 -51.1952 -56.3449
0.322 1.6469 0 7.52921 42.1707 0 0 -0 -51.3468 -56.5119
0.323 2.9636 0 6.36747 42.1726 0 0 -0 -51.5037 -56.6845
0.324 2.31707 0 6.92933 42.1776 0 0 -0 -51.424 -56.5968
0.325 0.692409 0 8.3509 42.1831 0 0 -0 -51.2264 -56.3793
0.326 0.555933 0 8.46653 42.1854 0 0 -0 -51.2079 -56.3589
0.327 2.10802 0 7.09859 42.1865 0 0 -0 -51.3931 -56.5628
0.328 2.98327 0 6.32152 42.1917 0 0 -0 -51.4965 -56.6766
0.329 1.84461 0 7.30797 42.2025 0 0 -0 -51.3551 -56.5209
0.33 0.413766 0 8.54858 42.2132 0 0 -0 -51.1755 -56.3233
0.331 0.858417 0 8.14554 42.2182 0 0 -0 -51.2221 -56.3746
0.332 2.50035 0 6.69718 42.2195 0 0 -0 -51.4171 -56.5892
0.333 2.83975 0 6.3936 42.2247 0 0 -0 -51.4581 -56.6343
0.334 1.34728 0 7.69112 42.2368 0 0 -0 -51.2752 -56.433
0.335 0.274203 0 8.61194 42.2502 0 0 -0 -51.1363 -56.2802
0.336 1.24324 0 7.74107 42.2578 0 0 -0 -51.2421 -56.3966
0.337 2.78157 0 6.38183 42.2596 0 0 -0 -51.423 -56.5957
0.338 2.54396 0 6.59138 42.2616 0 0 -0 -51.3969 -56.567
0.339 0.871579 0 8.05859 42.2669 0 0 -0 -51.1971 -56.347
0.34 0.290852 0 8.55917 42.2725 0 0 -0 -51.1225 -56.2649
0.341 1.69058 0 7.31931 42.2747 0 0 -0 -51.2846 -56.4433
0.342 2.95832 0 6.20178 42.2759 0 0 -0 -51.436 -56.61
0.343 2.16137 0 6.89972 42.2815 0 0 -0 -51.3426 -56.5072
0.344 0.480307 0 8.36546 42.2921 0 0 -0 -51.1379 -56.2819
0.345 0.446622 0 8.37464 42.3021 0 0 -0 -51.1234 -56.2659
0.346 2.11962 0 6.88779 42.3068 0 0 -0 -51.3142 -56.4759
0.347 2.97579 0 6.13207 42.3077 0 0 -0 -51.4156 -56.5876
0.348 1.70538 0 7.25304 42.3096 0 0 -0 -51.268 -56.4251
0.349 0.203181 0 8.57326 42.3129 0 0 -0 -51.0893 -56.2285
0.35 0.731834 0 8.10109 42.315 0 0 -0 -51.1479 -56.293
0.351 2.50871 0 6.53162 42.3158 0 0 -0 -51.3561 -56.5221
0.352 2.86337 0 6.21582 42.3194 0 0 -0 -51.3986 -56.5689
0.353 1.24792 0 7.62899 42.3287 0 0 -0 -51.2056 -56.3564
0.354 0.0734491 0 8.64598 42.3396 0 0 -0 -51.059 -56.1951
0.355 1.09821 0 7.72702 42.346 0 0 -0 -51.1713 -56.3186
0.356 2.78364 0 6.23556 42.3477 0 0 -0 -51.3669 -56.5339
0.357 2.59617 0 6.3996 42.3502 0 0 -0 -51.3459 -56.5109
0.358 0.808203 0 7.96889 42.3572 0 0 -0 -51.1343 -56.2779
0.359 0.0925701 0 8.58657 42.3652 0 0 -0 -51.0443 -56.1789
0.36 1.51529 0 7.32181 42.3691 0 0 -0 -51.2062 -56.3571
0.361 2.9381 0 6.064 42.3703 0 0 -0 -51.3724 -56.54
0.362 2.22557 0 6.6882 42.375 0 0 -0 -51.2887 -56.4479
0.363 0.443038 0 8.24648 42.3855 0 0 -0 -51.075 -56.2127
0.364 0.252764 0 8.39501 42.3965 0 0 -0 -51.0442 -56.1788
0.365 1.92361 0 6.90832 42.4018 0 0 -0 -51.2337 -56.3874
0.366 2.93919 0 6.00909 42.4031 0 0 -0 -51.3514 -56.5168
0.367 1.77743 0 7.03086 42.4067 0 0 -0 -51.215 -56.3668
0.368 0.183041 0 8.42694 42.4148 0 0 -0 -51.0248 -56.1574
0.369 0.537476 0 8.10096 42.4224 0 0 -0 -51.0608 -56.1971
0.37 2.291 0 6.54666 42.4252 0 0 -0 -51.2629 -56.4195
0.371 2.80483 0 6.09106 42.4267 0 0 -0 -51.3226 -56.4851
0.372 1.31467 0 7.39864 42.4328 0 0 -0 -51.1461 -56.291
0.373 0.0600255 0 8.48947 42.4438 0 0 -0 -50.9933 -56.1227
0.374 0.908367 0 7.72428 42.4529 0 0 -0 -51.0855 -56.2242
0.375 2.56315 0 6.25625 42.4561 0 0 -0 -51.2755 -56.4333
0.376 2.53257 0 6.28095 42.4577 0 0 -0 -51.2712 -56.4286
0.377 0.871333 0 7.73899 42.4642 0 0 -0 -51.0746 -56.2122
0.378 0.0750998 0 8.4249 42.4754 0 0 -0 -50.9754 -56.1031
0.379 1.31894 0 7.31081 42.4844 0 0 -0 -51.1142 -56.2558
0.38 2.70983 0 6.07577 42.4875 0 0 -0 -51.2731 -56.4307
0.381 2.15447 0 6.56353 42.489 0 0 -0 -51.207 -56.3579
0.382 0.499598 0 8.01693 42.4947 0 0 -0 -51.0113 -56.1425
0.383 0.232079 0 8.23916 42.5042 0 0 -0 -50.9754 -56.103
0.384 1.73093 0 6.90363 42.5113 0 0 -0 -51.1458 -56.2906
0.385 2.72013 0 6.02502 42.5135 0 0 -0 -51.2586 -56.4147
0.386 1.71368 0 6.91068 42.5149 0 0 -0 -51.1393 -56.2834
0.387 0.240253 0 8.20395 42.5203 0 0 -0 -50.9645 -56.0911
0.388 0.515254 0 7.94967 42.5282 0 0 -0 -50.9931 -56.1225
0.389 2.10178 0 6.54041 42.5333 0 0 -0 -51.1755 -56.3233
0.39 2.59267 0 6.10375 42.5346 0 0 -0 -51.231 -56.3844
0.391 1.25296 0 7.28288 42.5367 0 0 -0 -51.0725 -56.2099
0.392 0.113383 0 8.27957 42.543 0 0 -0 -50.936 -56.0597
0.393 0.886587 0 7.5844 42.5513 0 0 -0 -51.0223 -56.1547
0.394 2.38555 0 6.2522 42.5565 0 0 -0 -51.1942 -56.3439
0.395 2.33483 0 6.29351 42.5578 0 0 -0 -51.1861 -56.335
0.396 0.814301 0 7.63262 42.5594 0 0 -0 -51.0063 -56.1371
0.397 0.126507 0 8.23243 42.5645 0 0 -0 -50.9234 -56.0459
0.398 1.30519 0 7.18257 42.5708 0 0 -0 -51.0586 -56.1946
0.399 2.55586 0 6.07219 42.5746 0 0 -0 -51.2026 -56.3531
0.4 1.97932 0 6.57853 42.5755 0 0 -0 -51.1333 -56.2769
0.401 0.447042 0 7.92844 42.5767 0 0 -0 -50.9522 -56.0776
0.402 0.278036 0 8.07245 42.5803 0 0 -0 -50.9308 -56.0539
0.403 1.72592 0 6.78887 42.5842 0 0 -0 -51.099 -56.2391
0.404 2.59474 0 6.01897 42.5862 0 0 -0 -51.1999 -56.3501
0.405 1.56376 0 6.92765 42.5866 0 0 -0 -51.078 -56.216
0.406 0.188811 0 8.1384 42.5881 0 0 -0 -50.9153 -56.037
0.407 0.550174 0 7.81431 42.5915 0 0 -0 -50.9559 -56.0816
0.408 2.10291 0 6.43905 42.5947 0 0 -0 -51.1366 -56.2805
0.409 2.49602 0 6.08977 42.5961 0 0 -0 -51.1819 -56.3303
0.41 1.12736 0 7.29674 42.5964 0 0 -0 -51.0205 -56.1527
0.411 0.0604313 0 8.23647 42.5974 0 0 -0 -50.8943 -56.0138
0.412 0.909818 0 7.48399 42.5992 0 0 -0 -50.993 -56.1224
0.413 2.39676 0 6.16975 42.6006 0 0 -0 -51.1671 -56.3141
0.414 2.27346 0 6.27807 42.6011 0 0 -0 -51.1526 -56.2981
0.415 0.718703 0 7.64968 42.6013 0 0 -0 -50.9697 -56.0967
0.416 0.0759397 0 8.21541 42.6019 0 0 -0 -50.8933 -56.0127
0.417 1.31938 0 7.11663 42.6027 0 0 -0 -51.0387 -56.1728
0.418 2.57749 0 6.00624 42.6031 0 0 -0 -51.1868 -56.3357
0.419 1.94987 0 6.56044 42.6033 0 0 -0 -51.1136 -56.2551
0.42 0.376116 0 7.94804 42.6041 0 0 -0 -50.9283 -56.0512
0.421 0.226648 0 8.07713 42.6055 0 0 -0 -50.9093 -56.0303
0.422 1.73069 0 6.7476 42.6066 0 0 -0 -51.0849 -56.2235
0.423 2.62459 0 5.95841 42.6069 0 0 -0 -51.1899 -56.3391
0.424 1.55822 0 6.89972 42.6071 0 0 -0 -51.0651 -56.2018
0.425 0.132021 0 8.1572 42.608 0 0 -0 -50.8972 -56.017
0.426 0.492231 0 7.83708 42.6091 0 0 -0 -50.9384 -56.0623
0.427 2.0996 0 6.41713 42.6096 0 0 -0 -51.1264 -56.2692
0.428 2.53694 0 6.0311 42.6098 0 0 -0 -51.1778 -56.3259
0.429 1.14436 0 7.25983 42.6104 0 0 -0 -51.0146 -56.1462
0.43 0.0133647 0 8.25624 42.6117 0 0 -0 -50.8813 -55.9995
0.431 0.842914 0 7.52183 42.6128 0 0 -0 -50.9775 -56.1054
0.432 2.38543 0 6.1592 42.6132 0 0 -0 -51.1578 -56.3038
0.433 2.32294 0 6.21407 42.6134 0 0 -0 -51.1504 -56.2957
0.434 0.750362 0 7.60129 42.6143 0 0 -0 -50.9659 -56.0926
0.435 0.0297062 0 8.23561 42.6156 0 0 -0 -50.8809 -55.999
0.436 1.23943 0 7.16604 42.6165 0 0 -0 -51.022 -56.1544
0.437 2.55842 0 6.00079 42.6168 0 0 -0 -51.176 -56.3239
0.438 2.00716 0 6.48679 42.617 0 0 -0 -51.111 -56.2523
0.439 0.418784 0 7.8882 42.6176 0 0 -0 -50.9246 -56.0472
0.44 0.178907 0 8.09947 42.6183 0 0 -0 -50.8967 -56.0164
0.441 1.64036 0 6.80925 42.6185 0 0 -0 -51.0681 -56.2051
0.442 2.6027 0 5.95902 42.6188 0 0 -0 -51.1805 -56.3288
0.443 1.62509 0 6.81992 42.6198 0 0 -0 -51.0648 -56.2015
0.444 0.18364 0 8.08973 42.6215 0 0 -0 -50.8949 -56.0145
0.445 0.441238 0 7.86068 42.6229 0 0 -0 -50.9248 -56.0474
0.446 1.99907 0 6.4849 42.6233 0 0 -0 -51.1073 -56.2482
0.447 2.51063 0 6.03238 42.6235 0 0 -0 -51.1666 -56.3134
0.448 1.21492 0 7.17437 42.6243 0 0 -0 -51.0135 -56.145
0.449 0.0682578 0 8.18529 42.6252 0 0 -0 -50.8788 -55.9967
0.45 0.78982 0 7.54853 42.6257 0 0 -0 -50.9641 -56.0906
0.451 2.28213 0 6.23143 42.6259 0 0 -0 -51.1394 -56.2836
0.452 2.29799 0 6.21553 42.6267 0 0 -0 -51.1402 -56.2844
0.453 0.823414 0 7.51361 42.6284 0 0 -0 -50.9654 -56.092
0.454 0.0834807 0 8.16436 42.6299 0 0 -0 -50.8778 -55.9956
0.455 1.1836 0 7.19323 42.6305 0 0 -0 -51.0074 -56.1382
0.456 2.45563 0 6.07043 42.6308 0 0 -0 -51.1568 -56.3027
0.457 1.98448 0 6.48404 42.6317 0 0 -0 -51.1002 -56.2405
0.458 0.489802 0 7.80002 42.6333 0 0 -0 -50.9231 -56.0455
0.459 0.226458 0 8.03119 42.6343 0 0 -0 -50.8919 -56.0112
0.46 1.5818 0 6.83571 42.6345 0 0 -0 -51.052 -56.1874
0.461 2.50391 0 6.02107 42.6354 0 0 -0 -51.1603 -56.3066
0.462 1.6052 0 6.80977 42.6376 0 0 -0 -51.0526 -56.188
0.463 0.248315 0 8.0019 42.6404 0 0 -0 -50.8906 -56.0097
0.464 0.47849 0 7.79647 42.6419 0 0 -0 -50.9169 -56.0386
0.465 1.93839 0 6.50852 42.6423 0 0 -0 -51.0892 -56.2283
0.466 2.41871 0 6.08345 42.6433 0 0 -0 -51.1454 -56.2902
0.467 1.1977 0 7.15621 42.6458 0 0 -0 -50.9997 -56.1298
0.468 0.122975 0 8.09964 42.6483 0 0 -0 -50.8709 -55.9881
0.469 0.814085 0 7.48834 42.6494 0 0 -0 -50.9518 -56.0771
0.47 2.21974 0 6.24844 42.6498 0 0 -0 -51.118 -56.26
0.471 2.21329 0 6.25164 42.6517 0 0 -0 -51.1166 -56.2585
0.472 0.806014 0 7.48694 42.6552 0 0 -0 -50.9482 -56.0731
0.473 0.124407 0 8.08262 42.6581 0 0 -0 -50.8652 -55.9817
0.474 1.19436 0 7.13717 42.6591 0 0 -0 -50.9906 -56.1198
0.475 2.39403 0 6.07879 42.6598 0 0 -0 -51.1327 -56.2761
0.476 1.90768 0 6.504 42.6627 0 0 -0 -51.0744 -56.212
0.477 0.468642 0 7.7656 42.6672 0 0 -0 -50.9014 -56.0217
0.478 0.249094 0 7.95288 42.6704 0 0 -0 -50.8724 -55.9896
0.479 1.57767 0 6.77936 42.6713 0 0 -0 -51.0283 -56.1613
0.48 2.44365 0 6.01495 42.6724 0 0 -0 -51.1311 -56.2744
0.481 1.53472 0 6.8114 42.6764 0 0 -0 -51.0225 -56.1549
0.482 0.219457 0 7.96207 42.6819 0 0 -0 -50.8634 -55.9798
0.483 0.481034 0 7.72413 42.6853 0 0 -0 -50.8905 -56.0096
0.484 1.92223 0 6.45124 42.6862 0 0 -0 -51.0597 -56.1958
0.485 2.36375 0 6.06086 42.6878 0 0 -0 -51.1124 -56.2538
0.486 1.13355 0 7.13967 42.6925 0 0 -0 -50.9657 -56.0923
0.487 0.0828284 0 8.05624 42.6982 0 0 -0 -50.8373 -55.9511
0.488 0.794032 0 7.42187 42.7015 0 0 -0 -50.9174 -56.0392
0.489 2.19231 0 6.18713 42.7023 0 0 -0 -51.0817 -56.2201
0.49 2.16468 0 6.20982 42.7045 0 0 -0 -51.079 -56.2171
0.491 0.74662 0 7.45264 42.7103 0 0 -0 -50.9095 -56.0306
0.492 0.0704371 0 8.03743 42.7167 0 0 -0 -50.8246 -55.9371
0.493 1.15171 0 7.07622 42.7201 0 0 -0 -50.948 -56.0729
0.494 2.35758 0 6.01119 42.7209 0 0 -0 -51.0896 -56.2288
0.495 1.86642 0 6.44242 42.7234 0 0 -0 -51.0322 -56.1656
0.496 0.412739 0 7.71625 42.7294 0 0 -0 -50.8584 -55.9743
0.497 0.181164 0 7.90908 42.7356 0 0 -0 -50.8259 -55.9385
0.498 1.51595 0 6.72489 42.7386 0 0 -0 -50.9794 -56.1075
0.499 2.40283 0 5.94147 42.7393 0 0 -0 -51.0836 -56.2221
0.5 1.50255 0 6.73332 42.742 0 0 -0 -50.9779 -56.1058
0.501 0.166668 0 7.9036 42.7477 0 0 -0 -50.8179 -55.9297
0.502 0.401411 0 7.68666 42.7529 0 0 -0 -50.841 -55.9551
0.503 1.84805 0 6.40551 42.7549 0 0 -0 -51.0085 -56.1395
0.504 2.3252 0 5.9838 42.7557 0 0 -0 -51.0647 -56.2014
0.505 1.1127 0 7.05003 42.7591 0 0 -0 -50.9218 -56.0441
0.506 0.0324995 0 7.99404 42.765 0 0 -0 -50.7915 -55.9007
0.507 0.704124 0 7.39231 42.7697 0 0 -0 -50.8661 -55.9828
0.508 2.10995 0 6.14815 42.7713 0 0 -0 -51.0294 -56.1625
0.509 2.13119 0 6.12858 42.7722 0 0 -0 -51.032 -56.1654
0.51 0.735832 0 7.35533 42.776 0 0 -0 -50.8672 -55.9839
0.511 0.0209963 0 7.97695 42.7817 0 0 -0 -50.7797 -55.8877
0.512 1.05458 0 7.05702 42.7858 0 0 -0 -50.8974 -56.0172
0.513 2.27357 0 5.97867 42.7869 0 0 -0 -51.0392 -56.1732
0.514 1.84204 0 6.35832 42.7881 0 0 -0 -50.9885 -56.1175
0.515 0.411118 0 7.61576 42.7922 0 0 -0 -50.819 -55.931
0.516 0.131035 0 7.85425 42.7975 0 0 -0 -50.7828 -55.8911
0.517 1.41386 0 6.71594 42.8007 0 0 -0 -50.9305 -56.0536
0.518 2.32151 0 5.91322 42.8014 0 0 -0 -51.0362 -56.1699
0.519 1.48849 0 6.64649 42.8031 0 0 -0 -50.9381 -56.062
0.52 0.171349 0 7.80244 42.8077 0 0 -0 -50.7815 -55.8896
0.521 0.348037 0 7.63786 42.8129 0 0 -0 -50.7988 -55.9087
0.522 1.74157 0 6.40271 42.8155 0 0 -0 -50.9598 -56.0859
0.523 2.24742 0 5.95491 42.8162 0 0 -0 -51.0185 -56.1505
0.524 1.10639 0 6.95956 42.8181 0 0 -0 -50.884 -56.0025
0.525 0.0393742 0 7.89491 42.8224 0 0 -0 -50.7567 -55.8623
0.526 0.647161 0 7.35137 42.8267 0 0 -0 -50.8252 -55.9378
0.527 2.00353 0 6.15074 42.8285 0 0 -0 -50.9827 -56.1111
0.528 2.0611 0 6.0989 42.829 0 0 -0 -50.9891 -56.1181
0.529 0.736944 0 7.26424 42.8315 0 0 -0 -50.8327 -55.946
0.53 0.0276179 0 7.88336 42.836 0 0 -0 -50.747 -55.8517
0.531 0.994413 0 7.0237 42.8397 0 0 -0 -50.8579 -55.9737
0.532 2.17045 0 5.98321 42.841 0 0 -0 -50.9947 -56.1243
0.533 1.78087 0 6.32596 42.8418 0 0 -0 -50.9486 -56.0735
0.534 0.416618 0 7.52591 42.8446 0 0 -0 -50.7871 -55.8959
0.535 0.133948 0 7.76828 42.8491 0 0 -0 -50.7514 -55.8565
0.536 1.35092 0 6.68854 42.8524 0 0 -0 -50.8919 -56.0111
0.537 2.22441 0 5.91567 42.8534 0 0 -0 -50.9934 -56.1229
0.538 1.43628 0 6.61005 42.8542 0 0 -0 -50.9005 -56.0206
0.539 0.177889 0 7.71656 42.8569 0 0 -0 -50.7514 -55.8565
0.54 0.34542 0 7.56274 42.8607 0 0 -0 -50.7689 -55.8757
0.541 1.67907 0 6.38181 42.863 0 0 -0 -50.9238 -56.0463
0.542 2.16157 0 5.95496 42.8635 0 0 -0 -50.98 -56.1082
0.543 1.06508 0 6.92104 42.8647 0 0 -0 -50.8508 -55.9659
0.544 0.0451084 0 7.81636 42.8678 0 0 -0 -50.7293 -55.8322
0.545 0.637551 0 7.28758 42.8714 0 0 -0 -50.7966 -55.9062
0.546 1.94246 0 6.13265 42.8733 0 0 -0 -50.9484 -56.0733
0.547 1.98703 0 6.09253 42.8737 0 0 -0 -50.9533 -56.0787
0.548 0.703854 0 7.22321 42.875 0 0 -0 -50.802 -55.9122
0.549 0.0290302 0 7.81438 42.8778 0 0 -0 -50.7212 -55.8233
0.55 0.977913 0 6.97245 42.8805 0 0 -0 -50.8308 -55.944
0.551 2.11461 0 5.96737 42.8816 0 0 -0 -50.9635 -56.09
0.552 1.72164 0 6.31367 42.882 0 0 -0 -50.9173 -56.0391
0.553 0.391371 0 7.48531 42.8836 0 0 -0 -50.7603 -55.8663
0.554 0.129792 0 7.71146 42.8865 0 0 -0 -50.7277 -55.8305
0.555 1.3288 0 6.64919 42.8889 0 0 -0 -50.8669 -55.9836
0.556 2.17644 0 5.89964 42.8897 0 0 -0 -50.9658 -56.0924
0.557 1.39205 0 6.59138 42.8901 0 0 -0 -50.8735 -55.9909
0.558 0.157779 0 7.67848 42.8915 0 0 -0 -50.7278 -55.8306
0.559 0.334026 0 7.51932 42.8938 0 0 -0 -50.7471 -55.8518
0.56 1.6531 0 6.35267 42.8952 0 0 -0 -50.901 -56.0212
0.561 2.12393 0 5.93655 42.8956 0 0 -0 -50.9561 -56.0818
0.562 1.03526 0 6.89665 42.8961 0 0 -0 -50.828 -55.9409
0.563 0.0275014 0 7.78352 42.8978 0 0 -0 -50.7088 -55.8096
0.564 0.618533 0 7.25869 42.8997 0 0 -0 -50.7769 -55.8846
0.565 1.91564 0 6.11216 42.9007 0 0 -0 -50.9285 -56.0514
0.566 1.96233 0 6.07061 42.9009 0 0 -0 -50.9338 -56.0573
0.567 0.687498 0 7.19482 42.9016 0 0 -0 -50.7839 -55.8923
0.568 0.0114468 0 7.7892 42.903 0 0 -0 -50.7037 -55.804
0.569 0.951224 0 6.95756 42.9043 0 0 -0 -50.8131 -55.9245
0.57 2.08915 0 5.95242 42.9048 0 0 -0 -50.9464 -56.0711
0.571 1.71031 0 6.28647 42.905 0 0 -0 -50.9018 -56.0221
0.572 0.385644 0 7.45429 42.9059 0 0 -0 -50.7459 -55.8504
0.573 0.109652 0 7.69572 42.9073 0 0 -0 -50.7127 -55.8139
0.574 1.29559 0 6.64755 42.9082 0 0 -0 -50.8513 -55.9665
0.575 2.15544 0 5.88827 42.9084 0 0 -0 -50.9521 -56.0774
0.576 1.39472 0 6.55905 42.9088 0 0 -0 -50.8626 -55.9789
0.577 0.160126 0 7.64696 42.9099 0 0 -0 -50.717 -55.8187
0.578 0.309356 0 7.51334 42.9111 0 0 -0 -50.7338 -55.8372
0.579 1.61418 0 6.36087 42.9117 0 0 -0 -50.8867 -56.0054
0.58 2.10816 0 5.92458 42.9118 0 0 -0 -50.9446 -56.0691
0.581 1.04922 0 6.85795 42.9126 0 0 -0 -50.8198 -55.9318
0.582 0.0332412 0 7.7524 42.9141 0 0 -0 -50.6997 -55.7996
0.583 0.5873 0 7.26166 42.9152 0 0 -0 -50.7641 -55.8705
0.584 1.87261 0 6.12674 42.9155 0 0 -0 -50.9148 -56.0364
0.585 1.95287 0 6.05535 42.9158 0 0 -0 -50.924 -56.0465
0.586 0.710148 0 7.15034 42.9169 0 0 -0 -50.7774 -55.8852
0.587 0.0167535 0 7.75997 42.9184 0 0 -0 -50.6951 -55.7946
0.588 0.912687 0 6.96798 42.9193 0 0 -0 -50.7999 -55.9099
0.589 2.04396 0 5.96927 42.9195 0 0 -0 -50.9327 -56.0561
0.59 1.70725 0 6.26539 42.9201 0 0 -0 -50.8927 -56.0121
0.591 0.413284 0 7.40487 42.9216 0 0 -0 -50.7398 -55.8437
0.592 0.110776 0 7.66942 42.9232 0 0 -0 -50.7033 -55.8036
0.593 1.24983 0 6.66326 42.9238 0 0 -0 -50.8369 -55.9506
0.594 2.1103 0 5.90357 42.924 0 0 -0 -50.9379 -56.0618
0.595 1.39766 0 6.53076 42.9251 0 0 -0 -50.8535 -55.9689
0.596 0.189032 0 7.59426 42.927 0 0 -0 -50.7103 -55.8112
0.597 0.303536 0 7.49082 42.9284 0 0 -0 -50.7228 -55.8251
0.598 1.56228 0 6.37939 42.9289 0 0 -0 -50.8706 -55.9877
0.599 2.0652 0 5.93503 42.9293 0 0 -0 -50.9296 -56.0526
0.6 1.05713 0 6.8222 42.9308 0 0 -0 -50.8101 -55.9212
