0.001 8.57384e-05
0.002 0.000167337
0.003 -9.91424e-05
0.004 -0.000811664
0.005 -0.00149886
0.006 -0.00119817
0.007 0.000975358
0.008 0.00500186
0.009 0.00934836
0.01 0.0110685
0.011 0.00682959
0.012 -0.00537285
0.013 -0.0244902
0.014 -0.0455561
0.015 -0.060353
0.016 -0.0597209
0.017 -0.0368998
0.018 0.00927979
0.019 0.0726942
0.02 0.140651
0.021 0.197129
0.022 0.227644
0.023 0.224089
0.024 0.187778
0.025 0.129421
0.026 0.0658678
0.027 0.0146303
0.028 -0.0118914
0.029 -0.0103999
0.03 0.0125709
0.031 0.0434669
0.032 0.0670039
0.033 0.0719383
0.034 0.0551326
0.035 0.0224028
0.036 -0.014113
0.037 -0.0409632
0.038 -0.0487563
0.039 -0.0357697
0.04 -0.00840475
0.041 0.0216205
0.042 0.0421322
0.043 0.0453991
0.044 0.0310721
0.045 0.00600441
0.046 -0.0189013
0.047 -0.0334424
0.048 -0.0324361
0.049 -0.0177844
0.05 0.00257155
0.051 0.0183366
0.052 0.0215851
0.053 0.0104661
0.054 -0.00975099
0.055 -0.0288069
0.056 -0.0359171
0.057 -0.0247016
0.058 0.00354486
0.059 0.039723
0.06 0.0701388
0.061 0.0818488
0.062 0.0680016
0.063 0.030967
0.064 -0.0181133
0.065 -0.0632909
0.066 -0.089795
0.067 -0.0896867
0.068 -0.0649236
0.069 -0.0265784
0.07 0.00951452
0.071 0.0289778
0.072 0.02451
0.073 -0.00133345
0.074 -0.0373008
0.075 -0.0680747
0.076 -0.0805035
0.077 -0.0689266
0.078 -0.0374517
0.079 0.00172703
0.08 0.0332822
0.081 0.0449764
0.082 0.0326407
0.083 0.0019007
0.084 -0.0340479
0.085 -0.0597266
0.086 -0.0636058
0.087 -0.0427927
0.088 -0.0043059
0.089 0.0375678
0.09 0.0667861
0.091 0.0717595
0.092 0.0498275
0.093 0.0082831
0.094 -0.0384034
0.095 -0.0740266
0.096 -0.0866127
0.097 -0.0726252
0.098 -0.0378729
0.099 0.00508886
0.1 0.0419137
0.101 0.06177
0.102 0.0609553
0.103 0.0435429
0.104 0.019019
0.105 -0.00195206
0.106 -0.0118296
0.107 -0.00885195
0.108 0.00288768
0.109 0.0157747
0.11 0.0222689
0.111 0.0181755
0.112 0.00423912
0.113 -0.0144976
0.114 -0.0311543
0.115 -0.0401203
0.116 -0.0394245
0.117 -0.0313711
0.118 -0.0212444
0.119 -0.0147393
0.12 -0.0153085
0.121 -0.0226174
0.122 -0.0327715
0.123 -0.0401826
0.124 -0.0402117
0.125 -0.0313945
0.126 -0.0162516
0.127 -0.000316407
0.128 0.0101991
0.129 0.0110839
0.13 0.0019867
0.131 -0.0133538
0.132 -0.0286122
0.133 -0.0374701
0.134 -0.036196
0.135 -0.0251215
0.136 -0.00840794
0.137 0.00776832
0.138 0.0178109
0.139 0.0189623
0.14 0.012277
0.141 0.00193263
0.142 -0.00677184
0.143 -0.00981946
0.144 -0.00621595
0.145 0.00168559
0.146 0.00938966
0.147 0.012426
0.148 0.00848973
0.149 -0.00141694
0.15 -0.0133612
0.151 -0.0222121
0.152 -0.0239553
0.153 -0.0175499
0.154 -0.00548133
0.155 0.00726022
0.156 0.0153439
0.157 0.0154561
0.158 0.00780074
0.159 -0.00394425
0.16 -0.0142225
0.161 -0.0180627
0.162 -0.0133247
0.163 -0.0017171
0.164 0.0118996
0.165 0.0216524
0.166 0.023316
0.167 0.0163063
0.168 0.00408594
0.169 -0.00726628
0.17 -0.0117531
0.171 -0.00626613
0.172 0.00775494
0.173 0.0246194
0.174 0.0366188
0.175 0.0373233
0.176 0.0245573
0.177 0.00173542
0.178 -0.0231173
0.179 -0.0403797
0.18 -0.0427184
0.181 -0.0282513
0.182 -0.00163243
0.183 0.0274913
0.184 0.0481265
0.185 0.0522679
0.186 0.0381729
0.187 0.0112086
0.188 -0.0181405
0.189 -0.0383656
0.19 -0.0415151
0.191 -0.0264189
0.192 0.000768652
0.193 0.028967
0.194 0.0465733
0.195 0.0461155
0.196 0.0272777
0.197 -0.00293463
0.198 -0.0329691
0.199 -0.0513311
0.2 -0.0511622
0.201 -0.032943
0.202 -0.00423412
0.203 0.0234315
0.204 0.0392314
0.205 0.0374022
0.206 0.0194912
0.207 -0.0063927
0.208 -0.0289983
0.209 -0.0386022
0.21 -0.0310078
0.211 -0.00923328
0.212 0.0177878
0.213 0.0389422
0.214 0.0455555
0.215 0.0349837
0.216 0.0117012
0.217 -0.0145551
0.218 -0.0328104
0.219 -0.0353791
0.22 -0.0210269
0.221 0.00452782
0.222 0.0309713
0.223 0.0476276
0.224 0.0478211
0.225 0.031575
0.226 0.00555041
0.227 -0.0197313
0.228 -0.0342211
0.229 -0.0324392
0.23 -0.0156563
0.231 0.00871991
0.232 0.0302728
0.233 0.0399089
0.234 0.0335973
0.235 0.0139818
0.236 -0.0107775
0.237 -0.0304307
0.238 -0.0368971
0.239 -0.0275922
0.24 -0.00645894
0.241 0.0177013
0.242 0.0348879
0.243 0.0380251
0.244 0.0258499
0.245 0.00338994
0.246 -0.0201411
0.247 -0.0351402
0.248 -0.035529
0.249 -0.0211843
0.25 0.00208645
0.251 0.0249759
0.252 0.0384824
0.253 0.0375157
0.254 0.0228403
0.255 0.000604768
0.256 -0.0202907
0.257 -0.0318587
0.258 -0.0301974
0.259 -0.0168934
0.26 0.00186371
0.261 0.0180122
0.262 0.0250074
0.263 0.0204461
0.264 0.00686749
0.265 -0.00953564
0.266 -0.0216791
0.267 -0.0246111
0.268 -0.0175157
0.269 -0.00388404
0.27 0.0101538
0.271 0.0185647
0.272 0.0180094
0.273 0.00918821
0.274 -0.00360859
0.275 -0.0145025
0.276 -0.0186703
0.277 -0.0144606
0.278 -0.00406404
0.279 0.00753186
0.28 0.0148219
0.281 0.0142748
0.282 0.00593368
0.283 -0.00658051
0.284 -0.0176631
0.285 -0.0222143
0.286 -0.0179245
0.287 -0.00634666
0.288 0.00772709
0.289 0.0183246
0.29 0.0208976
0.291 0.0143332
0.292 0.001487
0.293 -0.0120137
0.294 -0.0201921
0.295 -0.0193286
0.296 -0.00961759
0.297 0.00485902
0.298 0.0178529
0.299 0.0236395
0.3 0.0195224
0.301 0.00706425
0.302 -0.0085121
0.303 -0.0205185
0.304 -0.023671
0.305 -0.0164053
0.306 -0.00162966
0.307 0.0144344
0.308 0.0248577
0.309 0.0249606
0.31 0.0143607
0.311 -0.00278005
0.312 -0.0194434
0.313 -0.0286874
0.314 -0.0265923
0.315 -0.0139652
0.316 0.00393712
0.317 0.0195784
0.318 0.0263068
0.319 0.0211823
0.32 0.00626396
0.321 -0.0122091
0.322 -0.0264192
0.323 -0.0302721
0.324 -0.0220062
0.325 -0.00499211
0.326 0.0136369
0.327 0.0259713
0.328 0.0266813
0.329 0.0153223
0.33 -0.00340058
0.331 -0.0215508
0.332 -0.0312807
0.333 -0.028167
0.334 -0.0131533
0.335 0.00774453
0.336 0.0258792
0.337 0.0335636
0.338 0.0273206
0.339 0.0094201
0.34 -0.0129659
0.341 -0.0306705
0.342 -0.0363153
0.343 -0.0274016
0.344 -0.00741402
0.345 0.0155474
0.346 0.0320639
0.347 0.0352767
0.348 0.0237428
0.349 0.00207962
0.35 -0.0208888
0.351 -0.0357322
0.352 -0.0362871
0.353 -0.0222048
0.354 0.000879915
0.355 0.0236397
0.356 0.0368654
0.357 0.0352332
0.358 0.0194783
0.359 -0.00391878
0.36 -0.0254002
0.361 -0.0362526
0.362 -0.0321668
0.363 -0.0149728
0.364 0.0081537
0.365 0.027676
0.366 0.0356298
0.367 0.0288823
0.368 0.0103772
0.369 -0.0121309
0.37 -0.0293129
0.371 -0.0341233
0.372 -0.0246809
0.373 -0.00499396
0.374 0.0167509
0.375 0.0316073
0.376 0.0335654
0.377 0.0219963
0.378 0.00184717
0.379 -0.0184697
0.38 -0.0305949
0.381 -0.0296743
0.382 -0.0163164
0.383 0.00373652
0.384 0.0220617
0.385 0.0310863
0.386 0.0272161
0.387 0.012268
0.388 -0.00736768
0.389 -0.0234568
0.39 -0.0293796
0.391 -0.022867
0.392 -0.00688257
0.393 0.0116935
0.394 0.0250004
0.395 0.0275029
0.396 0.0182805
0.397 0.00135303
0.398 -0.0160691
0.399 -0.0266511
0.4 -0.026015
0.401 -0.0145432
0.402 0.00283806
0.403 0.0187793
0.404 0.0266214
0.405 0.0231829
0.406 0.0100541
0.407 -0.00712834
0.408 -0.0210968
0.409 -0.0260239
0.41 -0.0199509
0.411 -0.00555859
0.412 0.0110211
0.413 0.0228306
0.414 0.0250242
0.415 0.0168769
0.416 0.00202742
0.417 -0.0131225
0.418 -0.0221555
0.419 -0.0213545
0.42 -0.0112382
0.421 0.00372009
0.422 0.0170503
0.423 0.0230685
0.424 0.0192924
0.425 0.00746244
0.426 -0.00725009
0.427 -0.0184961
0.428 -0.0214845
0.429 -0.0150268
0.43 -0.00201896
0.431 0.0118359
0.432 0.0205058
0.433 0.0202381
0.434 0.0111757
0.435 -0.00271313
0.436 -0.0153569
0.437 -0.0212122
0.438 -0.0176703
0.439 -0.00619978
0.44 0.00826945
0.441 0.0194617
0.442 0.0224641
0.443 0.0158637
0.444 0.00238957
0.445 -0.0122271
0.446 -0.0216962
0.447 -0.0218741
0.448 -0.0125712
0.449 0.00232348
0.45 0.0164681
0.451 0.0237631
0.452 0.020972
0.453 0.00914329
0.454 -0.00678556
0.455 -0.0200525
0.456 -0.0249387
0.457 -0.0192248
0.458 -0.00518315
0.459 0.0113317
0.46 0.0233281
0.461 0.0256348
0.462 0.0171202
0.463 0.00122329
0.464 -0.0154462
0.465 -0.0258658
0.466 -0.0255635
0.467 -0.0145348
0.468 0.00270621
0.469 0.0189811
0.47 0.027442
0.471 0.0244545
0.472 0.0111548
0.473 -0.00698607
0.474 -0.0224232
0.475 -0.0286858
0.476 -0.023098
0.477 -0.00792505
0.478 0.0105449
0.479 0.0246106
0.48 0.0283752
0.481 0.0202238
0.482 0.00351977
0.483 -0.0147799
0.484 -0.0270213
0.485 -0.028054
0.486 -0.017396
0.487 0.000546312
0.488 0.0183032
0.489 0.0284554
0.49 0.0267367
0.491 0.0138283
0.492 -0.00490964
0.493 -0.0216635
0.494 -0.0294236
0.495 -0.0249141
0.496 -0.00997137
0.497 0.0092097
0.498 0.0246496
0.499 0.0299085
0.5 0.0227737
0.501 0.00618851
0.502 -0.0129666
0.503 -0.0267352
0.504 -0.0293962
0.505 -0.0198454
0.506 -0.00205462
0.507 0.0165807
0.508 0.0283188
0.509 0.0282891
0.51 0.0165118
0.511 -0.00211859
0.512 -0.0198763
0.513 -0.0294183
0.514 -0.0268304
0.515 -0.0132386
0.516 0.00567826
0.517 0.0220651
0.518 0.0291596
0.519 0.024092
0.52 0.00905232
0.521 -0.00965
0.522 -0.0242326
0.523 -0.0286819
0.524 -0.0212376
0.525 -0.00509223
0.526 0.0129748
0.527 0.0254441
0.528 0.0271894
0.529 0.0175893
0.53 0.000746182
0.531 -0.0162642
0.532 -0.0263671
0.533 -0.0254358
0.534 -0.0139821
0.535 0.0031031
0.536 0.0186355
0.537 0.0261596
0.538 0.0226369
0.539 0.00967896
0.54 -0.00717726
0.541 -0.0208289
0.542 -0.0255987
0.543 -0.0195986
0.544 -0.00547958
0.545 0.0107297
0.546 0.0221919
0.547 0.0241432
0.548 0.0158755
0.549 0.000993054
0.55 -0.0141494
0.551 -0.0231525
0.552 -0.0222729
0.553 -0.0119792
0.554 0.00328244
0.555 0.0170025
0.556 0.0233777
0.557 0.0197625
0.558 0.00776563
0.559 -0.00746057
0.56 -0.0194276
0.561 -0.02307
0.562 -0.0168858
0.563 -0.0035534
0.564 0.0112267
0.565 0.0211673
0.566 0.0220664
0.567 0.013583
0.568 -0.000634527
0.569 -0.0145141
0.57 -0.0221494
0.571 -0.0203098
0.572 -0.00980555
0.573 0.00486842
0.574 0.0174542
0.575 0.022597
0.576 0.0181217
0.577 0.00595212
0.578 -0.00871461
0.579 -0.0196246
0.58 -0.0221308
0.581 -0.0151704
0.582 -0.00171516
0.583 0.0124951
0.584 0.0213974
0.585 0.0211878
0.586 0.0119435
0.587 -0.00240643
0.588 -0.0157506
0.589 -0.0223949
0.59 -0.0194894
0.591 -0.00824834
0.592 0.00655688
0.593 0.0186198
0.594 0.0227801
0.595 0.0172247
0.596 0.00427252
0.597 -0.0105958
0.598 -0.0210561
0.599 -0.0226264
0.6 -0.014582
