0.001 2.62088e-17 -1.65164e-16 6.03287e-17 0 7.86265e-17 31.238
0.002 1.47707e-16 -4.5711e-16 1.95589e-16 0 1.13814e-16 14.2195
0.003 2.4359e-16 -9.74407e-16 4.4625e-16 0 2.84567e-16 17.0989
0.004 3.71768e-16 -1.78402e-15 8.22668e-16 0 5.89588e-16 19.7951
0.005 6.53865e-16 -3.09934e-15 1.39146e-15 0 1.05402e-15 20.4875
0.006 1.21747e-15 -5.33171e-15 2.32183e-15 0 1.79241e-15 20.2052
0.007 2.21797e-15 -9.21586e-15 3.95668e-15 0 3.04121e-15 19.7603
0.008 3.90738e-15 -1.58869e-14 6.7674e-15 0 5.21214e-15 19.6228
0.009 6.73975e-15 -2.73133e-14 1.16236e-14 0 8.94997e-15 19.5942
0.01 1.14518e-14 -4.66853e-14 1.98779e-14 0 1.53556e-14 19.6829
0.011 1.93599e-14 -7.92662e-14 3.37256e-14 0 2.61807e-14 19.7812
0.012 3.2614e-14 -1.33975e-13 5.70101e-14 0 4.43505e-14 19.8348
0.013 5.47179e-14 -2.25327e-13 9.5834e-14 0 7.47748e-14 19.8933
0.014 9.1546e-14 -3.77333e-13 1.60368e-13 0 1.25419e-13 19.9317
0.015 1.52567e-13 -6.2942e-13 2.67382e-13 0 2.09471e-13 19.9617
0.016 2.53185e-13 -1.04562e-12 4.43952e-13 0 3.48481e-13 19.996
0.017 4.18363e-13 -1.73017e-12 7.34386e-13 0 5.77422e-13 20.0291
0.018 6.88183e-13 -2.85122e-12 1.20997e-12 0 9.53065e-13 20.0672
0.019 1.12719e-12 -4.67919e-12 1.9853e-12 0 1.5667e-12 20.1073
0.02 1.83848e-12 -7.64747e-12 3.24418e-12 0 2.56481e-12 20.1476
0.021 2.98618e-12 -1.24466e-11 5.27897e-12 0 4.18145e-12 20.1888
0.022 4.83067e-12 -2.01735e-11 8.55429e-12 0 6.78855e-12 20.229
0.023 7.78247e-12 -3.25622e-11 1.38044e-11 0 1.09754e-11 20.2689
0.024 1.24866e-11 -5.23417e-11 2.21841e-11 0 1.7671e-11 20.3086
0.025 1.99518e-11 -8.37889e-11 3.55036e-11 0 2.83335e-11 20.3481
0.026 3.17479e-11 -1.33576e-10 5.65853e-11 0 4.52423e-11 20.3878
0.027 5.03088e-11 -2.12064e-10 8.9812e-11 0 7.19432e-11 20.4277
0.028 7.93901e-11 -3.35278e-10 1.41959e-10 0 1.13929e-10 20.4677
0.029 1.24762e-10 -5.27883e-10 2.23451e-10 0 1.7967e-10 20.508
0.03 1.95251e-10 -8.27682e-10 3.50263e-10 0 2.82168e-10 20.5482
0.031 3.04298e-10 -1.29235e-09 5.46756e-10 0 4.41297e-10 20.5886
0.032 4.7228e-10 -2.0095e-09 8.49925e-10 0 6.87296e-10 20.6289
0.033 7.29948e-10 -3.11161e-09 1.31569e-09 0 1.06597e-09 20.6693
0.034 1.1235e-09 -4.79809e-09 2.0282e-09 0 1.64638e-09 20.7098
0.035 1.72204e-09 -7.36779e-09 3.11352e-09 0 2.53223e-09 20.7503
0.036 2.62845e-09 -1.12665e-08 4.75964e-09 0 3.87845e-09 20.7908
0.037 3.99521e-09 -1.71564e-08 7.24562e-09 0 5.91555e-09 20.8314
0.038 6.0473e-09 -2.6016e-08 1.09838e-08 0 8.98485e-09 20.8721
0.039 9.11514e-09 -3.92856e-08 1.65809e-08 0 1.35895e-08 20.9129
0.04 1.36818e-08 -5.90747e-08 2.4925e-08 0 2.04679e-08 20.9537
0.041 2.04504e-08 -8.84595e-08 3.73107e-08 0 3.06984e-08 20.9945
0.042 3.04392e-08 -1.31904e-07 5.56162e-08 0 4.58488e-08 21.0355
0.043 4.51168e-08 -1.95859e-07 8.25535e-08 0 6.81883e-08 21.0764
0.044 6.65907e-08 -2.89597e-07 1.22021e-07 0 1.00985e-07 21.1174
0.045 9.78716e-08 -4.26393e-07 1.79595e-07 0 1.48926e-07 21.1585
0.046 1.4324e-07 -6.25157e-07 2.63218e-07 0 2.18699e-07 21.1996
0.047 2.08756e-07 -9.12701e-07 3.84143e-07 0 3.19802e-07 21.2408
0.048 3.0295e-07 -1.32686e-06 5.58247e-07 0 4.65663e-07 21.282
0.049 4.37787e-07 -1.92078e-06 8.07814e-07 0 6.75178e-07 21.3233
0.05 6.29957e-07 -2.76874e-06 1.16398e-06 0 9.748e-07 21.3647
0.051 9.02635e-07 -3.97407e-06 1.67004e-06 0 1.4014e-06 21.4061
0.052 1.28785e-06 -5.67985e-06 2.3859e-06 0 2.00611e-06 21.4475
0.053 1.82963e-06 -8.08318e-06 3.39404e-06 0 2.85951e-06 21.489
0.054 2.58825e-06 -1.14543e-05 4.80751e-06 0 4.05852e-06 21.5305
0.055 3.6458e-06 -1.61619e-05 6.78044e-06 0 5.73562e-06 21.5721
0.056 5.11348e-06 -2.27065e-05 9.52198e-06 0 8.07101e-06 21.6138
0.057 7.14127e-06 -3.17643e-05 1.33145e-05 0 1.13085e-05 21.6555
0.058 9.9304e-06 -4.42442e-05 1.85373e-05 0 1.57765e-05 21.6973
0.059 1.37495e-05 -6.13617e-05 2.56973e-05 0 2.19148e-05 21.7391
0.06 1.89553e-05 -8.47343e-05 3.54689e-05 0 3.031e-05 21.7809
0.061 2.60194e-05 -0.000116503 4.87439e-05 0 4.17398e-05 21.8229
0.062 3.55615e-05 -0.000159488 6.66965e-05 0 5.72304e-05 21.8648
0.063 4.83923e-05 -0.000217385 9.08636e-05 0 7.81288e-05 21.9069
0.064 6.55664e-05 -0.000295008 0.000123248 0 0.000106194 21.949
0.065 8.84487e-05 -0.000398601 0.000166442 0 0.00014371 21.9911
0.066 0.000118796 -0.000536214 0.000223789 0 0.000193629 22.0333
0.067 0.000158858 -0.000718174 0.000299573 0 0.000259743 22.0756
0.068 0.000211498 -0.00095765 0.000399254 0 0.000346898 22.1179
0.069 0.000280344 -0.00127135 0.000529752 0 0.000461255 22.1603
0.07 0.000369961 -0.00168035 0.000699789 0 0.000610598 22.2028
0.071 0.000486068 -0.00221108 0.000920298 0 0.000804711 22.2453
0.072 0.000635782 -0.0028965 0.0012049 0 0.00105582 22.2879
0.073 0.000827911 -0.00377747 0.00157046 0 0.0013791 22.3305
0.074 0.00107329 -0.00490436 0.00203776 0 0.00179331 22.3733
0.075 0.00138517 -0.00633884 0.00263221 0 0.00232146 22.4161
0.076 0.00177965 -0.00815599 0.00338472 0 0.00299162 22.459
0.077 0.00227618 -0.0104466 0.00433266 0 0.00383782 22.5019
0.078 0.00289807 -0.01332 0.00552086 0 0.00490103 22.545
0.079 0.00367313 -0.0169063 0.00700283 0 0.00623031 22.5881
0.08 0.00463427 -0.0213601 0.00884192 0 0.00788393 22.6313
0.081 0.00582017 -0.0268635 0.0111126 0 0.00993066 22.6747
0.082 0.00727596 -0.0336291 0.013902 0 0.0124511 22.7181
0.083 0.00905393 -0.0419038 0.0173108 0 0.015539 22.7616
0.084 0.0112142 -0.0519719 0.0214551 0 0.0193026 22.8052
0.085 0.0138252 -0.0641579 0.026467 0 0.0238657 22.8489
0.086 0.0169645 -0.0788296 0.032496 0 0.0293692 22.8928
0.087 0.0207187 -0.0963996 0.0397097 0 0.0359713 22.9368
0.088 0.0251842 -0.117327 0.048294 0 0.0438486 22.9809
0.089 0.0304667 -0.142116 0.0584533 0 0.0531963 23.0251
0.09 0.0366812 -0.171318 0.0704095 0 0.0642274 23.0694
0.091 0.0439512 -0.205525 0.0844012 0 0.0771722 23.114
0.092 0.0524075 -0.245365 0.100681 0 0.0922762 23.1586
0.093 0.0621868 -0.291497 0.119513 0 0.109798 23.2034
0.094 0.0734297 -0.344602 0.141167 0 0.130005 23.2484
0.095 0.0862779 -0.405365 0.165918 0 0.153169 23.2936
0.096 0.100871 -0.474467 0.194033 0 0.179563 23.3389
0.097 0.117343 -0.552561 0.22577 0 0.209448 23.3844
0.098 0.135818 -0.640256 0.261365 0 0.243073 23.4301
0.099 0.156403 -0.738087 0.301024 0 0.28066 23.476
0.1 0.179188 -0.846497 0.344914 0 0.322395 23.5222
0.101 0.204233 -0.965802 0.39315 0 0.368419 23.5685
0.102 0.23157 -1.09617 0.445782 0 0.418817 23.615
0.103 0.261188 -1.23758 0.502787 0 0.473603 23.6617
0.104 0.293038 -1.38981 0.564058 0 0.532712 23.7087
0.105 0.32702 -1.5524 0.629391 0 0.595989 23.7558
0.106 0.362979 -1.72463 0.698478 0 0.663178 23.8032
0.107 0.400708 -1.90553 0.770903 0 0.733919 23.8507
0.108 0.439941 -2.09382 0.846138 0 0.807739 23.8983
0.109 0.480354 -2.28795 0.923542 0 0.884052 23.9461
0.11 0.52157 -2.4861 1.00237 0 0.962164 23.9939
0.111 0.56316 -2.68621 1.08177 0 1.04128 24.0417
0.112 0.604654 -2.88598 1.16082 0 1.12051 24.0893
0.113 0.645548 -3.08296 1.23853 0 1.19888 24.1368
0.114 0.68532 -3.27459 1.31387 0 1.2754 24.1838
0.115 0.723443 -3.45826 1.38579 0 1.34902 24.2303
0.116 0.759408 -3.63142 1.4533 0 1.41871 24.2758
0.117 0.792736 -3.79168 1.51545 0 1.4835 24.3202
0.118 0.823011 -3.9369 1.5714 0 1.54249 24.3629
0.119 0.849894 -4.06528 1.62047 0 1.59492 24.4034
0.12 0.873155 -4.17554 1.66218 0 1.64021 24.441
0.121 0.892689 -4.26697 1.6963 0 1.67798 24.4748
0.122 0.908545 -4.33954 1.72285 0 1.70814 24.5038
0.123 0.920938 -4.39401 1.74219 0 1.73088 24.5266
0.124 0.930273 -4.43202 1.75503 0 1.74672 24.5418
0.125 0.937151 -4.4561 1.76241 0 1.75654 24.5475
0.126 0.942379 -4.46971 1.76576 0 1.76157 24.5417
0.127 0.946964 -4.47725 1.76687 0 1.76342 24.5224
0.128 0.952113 -4.48403 1.76786 0 1.76406 24.4872
0.129 0.959214 -4.49615 1.77117 0 1.76576 24.4344
0.13 0.969813 -4.52044 1.77951 0 1.77111 24.3627
0.131 0.985587 -4.56427 1.79578 0 1.78291 24.2716
0.132 1.00831 -4.63544 1.82301 0 1.80413 24.1621
0.133 1.03979 -4.74189 1.86427 0 1.83784 24.0367
0.134 1.08184 -4.89154 1.9226 0 1.88709 23.8994
0.135 1.13624 -5.09199 2.00088 0 1.95486 23.7555
0.136 1.20461 -5.3503 2.10176 0 2.04392 23.6109
0.137 1.28844 -5.67272 2.22754 0 2.15674 23.4717
0.138 1.38896 -6.06445 2.38007 0 2.29542 23.3429
0.139 1.50711 -6.5294 2.56072 0 2.46157 23.2285
0.14 1.64351 -7.07 2.77024 0 2.65625 23.1306
0.141 1.79836 -7.68702 3.00875 0 2.87991 23.0501
0.142 1.97145 -8.37948 3.2757 0 3.13233 22.9869
0.143 2.16207 -9.14453 3.56985 0 3.41261 22.9397
0.144 2.36905 -9.97749 3.88927 0 3.71917 22.9072
0.145 2.59072 -10.8718 4.23138 0 4.04975 22.8878
0.146 2.82487 -11.8194 4.59302 0 4.40146 22.8799
0.147 3.06884 -12.8102 4.97048 0 4.77087 22.8824
0.148 3.31949 -13.8332 5.35965 0 5.15407 22.8944
0.149 3.57323 -14.876 5.75607 0 5.54674 22.9154
0.15 3.82613 -15.9256 6.1551 0 5.94435 22.9451
0.151 4.0739 -16.9681 6.55202 0 6.34219 22.9839
0.152 4.31205 -17.9898 6.94216 0 6.73556 23.0323
0.153 4.5359 -18.9768 7.32105 0 7.11988 23.0912
0.154 4.74073 -19.916 7.6845 0 7.49082 23.1618
0.155 4.92185 -20.795 8.02875 0 7.84439 23.2457
0.156 5.07476 -21.6024 8.35055 0 8.1771 23.3447
0.157 5.19521 -22.3284 8.64724 0 8.48599 23.4608
0.158 5.27939 -22.9649 8.91681 0 8.76872 23.5965
0.159 5.32402 -23.5056 9.15792 0 9.02362 23.7542
0.16 5.32649 -23.9461 9.36993 0 9.24971 23.9366
0.161 5.28499 -24.2846 9.55287 0 9.44671 24.1465
0.162 5.19865 -24.5211 9.70744 0 9.61499 24.3867
0.163 5.06763 -24.6581 9.83494 0 9.75555 24.6597
0.164 4.8932 -24.7004 9.93719 0 9.86998 24.949
0.165 4.67788 -24.6547 10.0165 0 9.96035 25.1774
0.166 4.42541 -24.53 10.0755 0 10.0291 25.3513
0.167 4.14082 -24.337 10.1171 0 10.0791 25.4777
0.168 3.83041 -24.0882 10.1444 0 10.1134 25.5642
0.169 3.50169 -23.7973 10.1606 0 10.135 25.6188
0.17 3.16329 -23.4793 10.1688 0 10.1471 25.6496
0.171 2.82478 -23.1499 10.1722 0 10.1529 25.6642
0.172 2.49653 -22.8253 10.1735 0 10.1553 25.6703
0.173 2.18945 -22.5219 10.1754 0 10.1571 25.6747
0.174 1.91472 -22.2557 10.1803 0 10.1607 25.6838
0.175 1.68348 -22.0421 10.1903 0 10.1683 25.7031
0.176 1.50648 -21.8952 10.2069 0 10.1818 25.7372
0.177 1.39373 -21.8281 10.2316 0 10.2027 25.79
0.178 1.35412 -21.8516 10.2654 0 10.2321 25.8643
0.179 1.39508 -21.9748 10.3089 0 10.2708 25.9622
0.18 1.52222 -22.204 10.3624 0 10.3194 26.0849
0.181 1.73905 -22.543 10.4261 0 10.3779 26.2328
0.182 2.04668 -22.9927 10.4997 0 10.4463 26.4058
0.183 2.44369 -23.5509 10.5829 0 10.5243 26.603
0.184 2.92596 -24.2124 10.675 0 10.6115 26.8233
0.185 3.48668 -24.9691 10.7753 0 10.7071 27.065
0.186 4.1164 -25.81 10.8831 0 10.8104 26.4899
0.187 4.80321 -26.7214 10.9976 0 10.9206 25.6822
0.188 5.53295 -27.6875 11.1177 0 11.0369 24.8926
0.189 6.28963 -28.6906 11.2426 0 11.1584 24.1404
0.19 7.0558 -29.7114 11.3715 0 11.2841 23.4409
0.191 7.81308 -30.7299 11.5034 0 11.4134 22.8056
0.192 8.54272 -31.7258 11.6377 0 11.5454 22.2428
0.193 9.22616 -32.6791 11.7736 0 11.6794 21.7579
0.194 9.84564 -33.5707 11.9104 0 11.8147 21.3544
0.195 10.3848 -34.3831 12.0475 0 11.9508 21.0345
0.196 10.8291 -35.1008 12.1845 0 12.0871 20.7989
0.197 11.1667 -35.7107 12.3208 0 12.2232 20.648
0.198 11.3883 -36.203 12.456 0 12.3586 20.5815
0.199 11.488 -36.5708 12.5898 0 12.493 20.599
0.2 11.463 -36.8108 12.7218 0 12.6259 20.6997
0.201 11.3144 -36.9233 12.8518 0 12.7572 20.8828
0.202 11.0463 -36.912 12.9793 0 12.8864 21.0943
0.203 10.6665 -36.7839 13.1042 0 13.0132 21.302
0.204 10.1856 -36.5493 13.2262 0 13.1375 21.5053
0.205 9.61707 -36.2208 13.3449 0 13.2588 21.7039
0.206 8.97651 -35.8135 13.4601 0 13.3768 21.8971
0.207 8.28131 -35.3441 13.5715 0 13.4913 22.0844
0.208 7.55002 -34.8306 13.6788 0 13.6017 22.2653
0.209 6.80173 -34.2912 13.7816 0 13.7079 22.439
0.21 6.05547 -33.7443 13.8795 0 13.8093 22.6051
0.211 5.32964 -33.2075 13.9722 0 13.9056 22.7627
0.212 4.64145 -32.6972 14.0593 0 13.9964 22.9113
0.213 4.00638 -32.2282 14.1405 0 14.0813 23.0503
0.214 3.4378 -31.8131 14.2154 0 14.1599 23.179
0.215 2.94662 -31.4622 14.2837 0 14.2319 23.2968
0.216 2.54101 -31.1832 14.3452 0 14.2969 23.4033
0.217 2.22626 -30.9808 14.3997 0 14.3549 23.4982
0.218 2.00474 -30.8573 14.447 0 14.4056 23.5811
0.219 1.87594 -30.8121 14.4872 0 14.4489 23.6521
0.22 1.83659 -30.8421 14.5205 0 14.485 23.7112
0.221 1.88088 -30.9421 14.547 0 14.5142 23.7589
0.222 2.00076 -31.1048 14.5673 0 14.5367 23.7957
0.223 2.18628 -31.3213 14.5819 0 14.5531 23.8226
0.224 2.42597 -31.5817 14.5916 0 14.5641 23.8406
0.225 2.70728 -31.8753 14.5974 0 14.5706 23.8513
0.226 3.017 -32.1909 14.6002 0 14.5737 23.8563
0.227 3.34172 -32.5175 14.6014 0 14.5744 23.8575
0.228 3.6682 -32.8449 14.6024 0 14.5743 23.8573
0.229 3.98383 -33.1631 14.6046 0 14.5747 23.8579
0.23 4.27696 -33.4639 14.6097 0 14.5772 23.8621
0.231 4.53721 -33.7399 14.6193 0 14.5835 23.8723
0.232 4.75574 -33.9858 14.6349 0 14.5951 23.8914
0.233 4.92546 -34.1975 14.6582 0 14.6138 23.922
0.234 5.04113 -34.3729 14.6908 0 14.641 23.9666
0.235 5.09952 -34.5116 14.7338 0 14.6783 24.0275
0.236 5.09933 -34.6148 14.7887 0 14.7268 24.1069
0.237 5.04119 -34.685 14.8562 0 14.7877 24.2066
0.238 4.92756 -34.7264 14.9371 0 14.8617 24.3278
0.239 4.76254 -34.7439 15.0318 0 14.9495 24.4715
0.24 4.5517 -34.7434 15.1405 0 15.0513 24.6381
0.241 4.3018 -34.7316 15.2628 0 15.1669 24.8274
0.242 4.02058 -34.7149 15.3983 0 15.296 25.0388
0.243 3.71639 -34.7003 15.546 0 15.4379 25.271
0.244 3.39797 -34.6942 15.7048 0 15.5915 25.5223
0.245 3.0741 -34.7025 15.8731 0 15.7553 25.7906
0.246 2.75335 -34.7304 16.0492 0 15.9279 26.073
0.247 2.44377 -34.7823 16.2313 0 16.1073 26.3667
0.248 2.15271 -34.8614 16.4172 0 16.2915 26.6683
0.249 1.88654 -34.9698 16.6048 0 16.4784 26.9743
0.25 1.65055 -35.1084 16.7919 0 16.6659 27.2812
0.251 1.44879 -35.2768 16.9763 0 16.8517 27.5853
0.252 1.28402 -35.4737 17.156 0 17.0336 27.8831
0.253 1.15765 -35.6964 17.3289 0 17.2098 28.1715
0.254 1.0698 -35.9415 17.4934 0 17.3782 28.4472
0.255 1.01933 -36.2046 17.6479 0 17.5374 28.7077
0.256 1.00396 -36.4809 17.7912 0 17.6858 28.9507
0.257 1.0204 -36.7651 17.9222 0 17.8224 29.1743
0.258 1.06453 -37.0514 18.0404 0 17.9464 29.3773
0.259 1.13157 -37.3343 18.1454 0 18.0574 29.5589
0.26 1.21629 -37.6083 18.237 0 18.155 29.7187
0.261 1.3132 -37.8683 18.3157 0 18.2394 29.8569
0.262 1.41677 -38.1097 18.3818 0 18.3111 29.9743
0.263 1.52163 -38.3285 18.4362 0 18.3706 30.0717
0.264 1.62272 -38.5214 18.4798 0 18.4189 30.1507
0.265 1.71546 -38.686 18.5136 0 18.4569 30.213
0.266 1.79589 -38.8208 18.539 0 18.4859 30.2604
0.267 1.86077 -38.925 18.5571 0 18.5071 30.2951
0.268 1.90763 -38.999 18.5695 0 18.5219 30.3193
0.269 1.93484 -39.0438 18.5774 0 18.5316 30.3351
0.27 1.9416 -39.061 18.582 0 18.5374 30.3448
0.271 1.92789 -39.0533 18.5846 0 18.5408 30.3502
0.272 1.89448 -39.0236 18.5864 0 18.5428 30.3535
0.273 1.84282 -38.9754 18.5882 0 18.5444 30.3561
0.274 1.77494 -38.9125 18.591 0 18.5466 30.3597
0.275 1.69337 -38.8388 18.5954 0 18.5501 30.3654
0.276 1.60097 -38.7583 18.6019 0 18.5555 30.3743
0.277 1.50088 -38.675 18.6109 0 18.5633 30.387
0.278 1.3963 -38.5925 18.6226 0 18.5737 30.404
0.279 1.29046 -38.5144 18.6371 0 18.5868 30.4256
0.28 1.18642 -38.4436 18.6544 0 18.6028 30.4517
0.281 1.08705 -38.3827 18.6742 0 18.6214 30.4822
0.282 0.994837 -38.3338 18.6964 0 18.6425 30.5168
0.283 0.911913 -38.2984 18.7207 0 18.6658 30.5548
0.284 0.83993 -38.2773 18.7465 0 18.6908 30.5959
0.285 0.780053 -38.271 18.7736 0 18.7173 30.6392
0.286 0.732935 -38.2791 18.8015 0 18.7447 30.6841
0.287 0.698724 -38.3011 18.8297 0 18.7727 30.7299
0.288 0.677081 -38.3357 18.8578 0 18.8008 30.7759
0.289 0.667216 -38.3813 18.8855 0 18.8286 30.8214
0.29 0.667945 -38.4359 18.9123 0 18.8557 30.8657
0.291 0.677752 -38.4975 18.9379 0 18.8818 30.9084
0.292 0.694859 -38.5636 18.9621 0 18.9066 30.949
0.293 0.717311 -38.6318 18.9847 0 18.9298 30.9871
0.294 0.743054 -38.6999 19.0055 0 18.9513 31.0223
0.295 0.770017 -38.7653 19.0243 0 18.971 31.0544
0.296 0.796194 -38.8261 19.0412 0 18.9887 31.0834
0.297 0.819713 -38.8802 19.0561 0 19.0044 31.1092
0.298 0.838904 -38.9262 19.0691 0 19.0182 31.1317
0.299 0.85235 -38.9626 19.0802 0 19.0301 31.1512
0.3 0.858928 -38.9886 19.0895 0 19.0402 31.1678
0.301 0.857845 -39.0037 19.0972 0 19.0486 31.1816
0.302 0.848644 -39.0076 19.1034 0 19.0555 31.1929
0.303 0.831215 -39.0007 19.1084 0 19.0611 31.202
0.304 0.80578 -38.9834 19.1122 0 19.0654 31.2091
0.305 0.772872 -38.9566 19.115 0 19.0688 31.2145
0.306 0.733301 -38.9216 19.1171 0 19.0712 31.2186
0.307 0.688114 -38.8796 19.1185 0 19.073 31.2215
0.308 0.638548 -38.8322 19.1194 0 19.0742 31.2235
0.309 0.585974 -38.7811 19.12 0 19.0751 31.2249
0.31 0.531844 -38.7279 19.1204 0 19.0756 31.2258
0.311 0.477634 -38.6743 19.1206 0 19.076 31.2263
0.312 0.424792 -38.6218 19.1208 0 19.0763 31.2268
0.313 0.374685 -38.5721 19.1209 0 19.0765 31.2271
0.314 0.328557 -38.5263 19.1211 0 19.0767 31.2275
0.315 0.287486 -38.4857 19.1213 0 19.0769 31.2278
0.316 0.252358 -38.451 19.1215 0 19.0771 31.2282
0.317 0.22384 -38.423 19.1218 0 19.0774 31.2287
0.318 0.202365 -38.4021 19.1221 0 19.0777 31.2291
0.319 0.188131 -38.3884 19.1223 0 19.078 31.2296
0.32 0.181097 -38.3819 19.1226 0 19.0782 31.23
0.321 0.180999 -38.3822 19.1228 0 19.0784 31.2303
0.322 0.187363 -38.3888 19.1229 0 19.0785 31.2305
0.323 0.199532 -38.4011 19.123 0 19.0786 31.2306
0.324 0.216691 -38.4183 19.123 0 19.0786 31.2306
0.325 0.2379 -38.4395 19.123 0 19.0785 31.2305
0.326 0.262132 -38.4637 19.1231 0 19.0785 31.2304
0.327 0.288305 -38.4899 19.1232 0 19.0784 31.2303
0.328 0.315321 -38.5172 19.1234 0 19.0785 31.2305
0.329 0.3421 -38.5447 19.1239 0 19.0788 31.2309
0.33 0.367616 -38.5716 19.1246 0 19.0793 31.2318
0.331 0.390924 -38.597 19.1259 0 19.0802 31.2333
0.332 0.411188 -38.6205 19.1276 0 19.0817 31.2356
0.333 0.427704 -38.6415 19.1301 0 19.0837 31.2389
0.334 0.439915 -38.6597 19.1333 0 19.0865 31.2435
0.335 0.447427 -38.6749 19.1374 0 19.0901 31.2494
0.336 0.450009 -38.6872 19.1425 0 19.0946 31.2569
0.337 0.447597 -38.6965 19.1487 0 19.1002 31.2661
0.338 0.44029 -38.7033 19.156 0 19.107 31.2771
0.339 0.42834 -38.7077 19.1645 0 19.1149 31.29
0.34 0.412134 -38.7103 19.1742 0 19.124 31.3049
0.341 0.392182 -38.7115 19.1851 0 19.1343 31.3218
0.342 0.369092 -38.712 19.1971 0 19.1458 31.3406
0.343 0.343544 -38.7122 19.2103 0 19.1584 31.3612
0.344 0.316271 -38.7127 19.2244 0 19.172 31.3836
0.345 0.288029 -38.7141 19.2394 0 19.1866 31.4075
0.346 0.259569 -38.7168 19.2552 0 19.202 31.4327
0.347 0.231619 -38.7212 19.2715 0 19.2181 31.459
0.348 0.204857 -38.7277 19.2882 0 19.2347 31.4861
0.349 0.17989 -38.7366 19.3052 0 19.2515 31.5137
0.35 0.157241 -38.7479 19.3222 0 19.2685 31.5415
0.351 0.137334 -38.7618 19.339 0 19.2854 31.5692
0.352 0.120483 -38.7781 19.3555 0 19.3021 31.5965
0.353 0.106891 -38.7967 19.3715 0 19.3183 31.623
0.354 0.0966456 -38.8173 19.3867 0 19.3339 31.6486
0.355 0.0897224 -38.8397 19.4012 0 19.3488 31.6729
0.356 0.0859936 -38.8635 19.4147 0 19.3627 31.6957
0.357 0.0852361 -38.8882 19.4272 0 19.3757 31.717
0.358 0.087145 -38.9134 19.4386 0 19.3876 31.7364
0.359 0.0913484 -38.9385 19.4488 0 19.3983 31.754
0.36 0.0974236 -38.9632 19.4579 0 19.4079 31.7697
0.361 0.104914 -38.987 19.4658 0 19.4163 31.7835
0.362 0.113349 -39.0094 19.4725 0 19.4236 31.7953
0.363 0.122257 -39.0301 19.4782 0 19.4297 31.8054
0.364 0.131184 -39.0488 19.4828 0 19.4348 31.8137
0.365 0.139709 -39.0652 19.4865 0 19.4389 31.8205
0.366 0.147454 -39.079 19.4894 0 19.4422 31.8258
0.367 0.154097 -39.0903 19.4916 0 19.4447 31.8298
0.368 0.159377 -39.099 19.4931 0 19.4465 31.8328
0.369 0.163104 -39.105 19.4942 0 19.4477 31.8349
0.37 0.165153 -39.1086 19.4949 0 19.4486 31.8362
0.371 0.165474 -39.1098 19.4953 0 19.4491 31.8371
0.372 0.164083 -39.109 19.4955 0 19.4494 31.8376
0.373 0.161057 -39.1063 19.4957 0 19.4495 31.8378
0.374 0.156531 -39.102 19.4958 0 19.4497 31.8381
0.375 0.150688 -39.0966 19.496 0 19.4499 31.8383
0.376 0.143748 -39.0903 19.4964 0 19.4501 31.8388
0.377 0.13596 -39.0834 19.4969 0 19.4506 31.8395
0.378 0.127589 -39.0764 19.4976 0 19.4512 31.8405
0.379 0.118908 -39.0694 19.4985 0 19.452 31.8419
0.38 0.110184 -39.0629 19.4997 0 19.4531 31.8436
0.381 0.101674 -39.0571 19.5011 0 19.4543 31.8457
0.382 0.0936083 -39.0521 19.5027 0 19.4558 31.8481
0.383 0.0861915 -39.0481 19.5044 0 19.4575 31.8509
0.384 0.0795912 -39.0453 19.5064 0 19.4594 31.8539
0.385 0.0739353 -39.0438 19.5085 0 19.4614 31.8572
0.386 0.0693096 -39.0435 19.5106 0 19.4635 31.8607
0.387 0.0657566 -39.0444 19.5129 0 19.4657 31.8643
0.388 0.0632761 -39.0464 19.5152 0 19.468 31.868
0.389 0.0618275 -39.0495 19.5174 0 19.4703 31.8717
0.39 0.0613335 -39.0535 19.5197 0 19.4725 31.8754
0.391 0.0616847 -39.0583 19.5219 0 19.4747 31.879
0.392 0.0627453 -39.0635 19.524 0 19.4768 31.8825
0.393 0.0643599 -39.0691 19.5259 0 19.4788 31.8858
0.394 0.0663597 -39.0749 19.5278 0 19.4807 31.8889
0.395 0.0685703 -39.0805 19.5295 0 19.4825 31.8918
0.396 0.070818 -39.0859 19.531 0 19.4841 31.8944
0.397 0.0729363 -39.0909 19.5324 0 19.4856 31.8968
0.398 0.0747725 -39.0953 19.5336 0 19.4869 31.8989
0.399 0.0761922 -39.0989 19.5347 0 19.488 31.9008
0.4 0.0770839 -39.1017 19.5356 0 19.489 31.9024
0.401 0.0773619 -39.1035 19.5364 0 19.4898 31.9037
0.402 0.0769687 -39.1045 19.537 0 19.4905 31.9049
0.403 0.0758759 -39.1045 19.5375 0 19.4911 31.9058
0.404 0.0740836 -39.1035 19.5379 0 19.4915 31.9066
0.405 0.0716197 -39.1018 19.5382 0 19.4919 31.9071
0.406 0.0685376 -39.0992 19.5385 0 19.4922 31.9076
0.407 0.0649129 -39.0959 19.5386 0 19.4924 31.9079
0.408 0.0608399 -39.0921 19.5388 0 19.4925 31.9082
0.409 0.0564275 -39.0879 19.5388 0 19.4926 31.9083
0.41 0.0517948 -39.0834 19.5389 0 19.4927 31.9084
0.411 0.0470661 -39.0787 19.5389 0 19.4927 31.9085
0.412 0.0423663 -39.0741 19.5389 0 19.4928 31.9086
0.413 0.037817 -39.0695 19.539 0 19.4928 31.9086
0.414 0.0335315 -39.0653 19.539 0 19.4928 31.9086
0.415 0.0296121 -39.0614 19.539 0 19.4928 31.9087
0.416 0.0261463 -39.058 19.539 0 19.4928 31.9087
0.417 0.0232046 -39.0551 19.539 0 19.4928 31.9087
0.418 0.0208389 -39.0527 19.539 0 19.4929 31.9087
0.419 0.0190811 -39.051 19.5391 0 19.4929 31.9088
0.42 0.0179429 -39.0499 19.5391 0 19.4929 31.9088
0.421 0.0174165 -39.0494 19.5391 0 19.4929 31.9088
0.422 0.0174748 -39.0495 19.5391 0 19.4929 31.9089
0.423 0.0180736 -39.0501 19.5391 0 19.4929 31.9089
0.424 0.0191535 -39.0512 19.5391 0 19.4929 31.9089
0.425 0.0206422 -39.0527 19.5391 0 19.4929 31.9089
0.426 0.0224575 -39.0545 19.5391 0 19.4929 31.9089
0.427 0.0245101 -39.0566 19.5391 0 19.4929 31.9089
0.428 0.0267068 -39.0588 19.5391 0 19.4929 31.9089
0.429 0.0289537 -39.0611 19.5392 0 19.493 31.9089
0.43 0.031159 -39.0634 19.5392 0 19.493 31.9089
0.431 0.0332361 -39.0656 19.5393 0 19.4931 31.9091
0.432 0.0351057 -39.0677 19.5395 0 19.4932 31.9092
0.433 0.0366987 -39.0697 19.5396 0 19.4933 31.9095
0.434 0.0379576 -39.0714 19.5399 0 19.4935 31.9098
0.435 0.0388379 -39.0729 19.5402 0 19.4938 31.9103
0.436 0.039309 -39.0742 19.5407 0 19.4942 31.9109
0.437 0.0393548 -39.0752 19.5412 0 19.4947 31.9117
0.438 0.0389737 -39.076 19.5418 0 19.4952 31.9126
0.439 0.0381778 -39.0766 19.5425 0 19.4959 31.9137
0.44 0.0369919 -39.077 19.5433 0 19.4967 31.9149
0.441 0.0354528 -39.0772 19.5442 0 19.4975 31.9164
0.442 0.0336069 -39.0774 19.5453 0 19.4985 31.918
0.443 0.0315085 -39.0775 19.5464 0 19.4996 31.9197
0.444 0.029218 -39.0776 19.5476 0 19.5008 31.9217
0.445 0.0267992 -39.0778 19.5489 0 19.502 31.9238
0.446 0.0243174 -39.078 19.5503 0 19.5034 31.926
0.447 0.0218371 -39.0784 19.5518 0 19.5048 31.9283
0.448 0.0194197 -39.0789 19.5532 0 19.5063 31.9307
0.449 0.0171221 -39.0796 19.5548 0 19.5078 31.9331
0.45 0.0149944 -39.0806 19.5563 0 19.5093 31.9356
0.451 0.0130793 -39.0817 19.5578 0 19.5108 31.9381
0.452 0.0114104 -39.083 19.5593 0 19.5123 31.9406
0.453 0.010012 -39.0846 19.5608 0 19.5138 31.943
0.454 0.00889845 -39.0863 19.5622 0 19.5152 31.9453
0.455 0.00807447 -39.0882 19.5635 0 19.5166 31.9476
0.456 0.00753536 -39.0902 19.5648 0 19.5179 31.9497
0.457 0.00726769 -39.0923 19.5659 0 19.5191 31.9517
0.458 0.00725025 -39.0945 19.567 0 19.5202 31.9536
0.459 0.00745521 -39.0967 19.568 0 19.5213 31.9552
0.46 0.0078494 -39.099 19.5689 0 19.5222 31.9568
0.461 0.00839578 -39.1011 19.5697 0 19.523 31.9581
0.462 0.00905488 -39.1032 19.5704 0 19.5238 31.9593
0.463 0.00978631 -39.1051 19.5709 0 19.5244 31.9603
0.464 0.0105502 -39.1069 19.5714 0 19.5249 31.9612
0.465 0.0113084 -39.1085 19.5718 0 19.5253 31.9619
0.466 0.012026 -39.1099 19.5721 0 19.5257 31.9625
0.467 0.0126718 -39.111 19.5724 0 19.526 31.9629
0.468 0.0132197 -39.112 19.5726 0 19.5262 31.9633
0.469 0.0136489 -39.1127 19.5727 0 19.5263 31.9635
0.47 0.0139446 -39.1132 19.5728 0 19.5265 31.9637
0.471 0.0140978 -39.1135 19.5729 0 19.5265 31.9639
0.472 0.0141054 -39.1136 19.5729 0 19.5266 31.9639
0.473 0.01397 -39.1135 19.5729 0 19.5266 31.964
0.474 0.0136994 -39.1133 19.5729 0 19.5266 31.964
0.475 0.0133059 -39.1129 19.5729 0 19.5266 31.964
0.476 0.0128059 -39.1124 19.573 0 19.5266 31.964
0.477 0.0122185 -39.1119 19.573 0 19.5267 31.9641
0.478 0.0115651 -39.1113 19.573 0 19.5267 31.9641
0.479 0.0108682 -39.1107 19.5731 0 19.5267 31.9642
0.48 0.0101509 -39.1101 19.5732 0 19.5268 31.9643
0.481 0.0094354 -39.1096 19.5733 0 19.5269 31.9644
0.482 0.00874279 -39.1091 19.5734 0 19.527 31.9646
0.483 0.00809199 -39.1087 19.5735 0 19.5271 31.9648
0.484 0.00749933 -39.1084 19.5736 0 19.5272 31.965
0.485 0.00697799 -39.1082 19.5738 0 19.5274 31.9653
0.486 0.00653772 -39.108 19.574 0 19.5276 31.9655
0.487 0.00618467 -39.108 19.5741 0 19.5277 31.9658
0.488 0.0059213 -39.1081 19.5743 0 19.5279 31.9661
0.489 0.00574653 -39.1083 19.5745 0 19.5281 31.9664
0.49 0.00565594 -39.1086 19.5747 0 19.5283 31.9667
0.491 0.00564212 -39.109 19.5749 0 19.5285 31.967
0.492 0.00569509 -39.1094 19.575 0 19.5286 31.9673
0.493 0.00580282 -39.1098 19.5752 0 19.5288 31.9676
0.494 0.00595178 -39.1103 19.5754 0 19.529 31.9679
0.495 0.00612756 -39.1108 19.5755 0 19.5291 31.9681
0.496 0.0063154 -39.1113 19.5757 0 19.5293 31.9683
0.497 0.00650083 -39.1117 19.5758 0 19.5294 31.9686
0.498 0.00667015 -39.1121 19.5759 0 19.5295 31.9688
0.499 0.00681096 -39.1124 19.576 0 19.5296 31.9689
0.5 0.00691254 -39.1127 19.5761 0 19.5297 31.9691
0.501 0.00696619 -39.1129 19.5762 0 19.5298 31.9692
0.502 0.00696546 -39.1131 19.5762 0 19.5299 31.9693
0.503 0.00690632 -39.1131 19.5763 0 19.5299 31.9694
0.504 0.00678714 -39.1131 19.5763 0 19.53 31.9695
0.505 0.00660874 -39.113 19.5764 0 19.53 31.9696
0.506 0.00637419 -39.1128 19.5764 0 19.53 31.9696
0.507 0.00608862 -39.1126 19.5764 0 19.5301 31.9696
0.508 0.00575897 -39.1123 19.5764 0 19.5301 31.9697
0.509 0.00539366 -39.1119 19.5764 0 19.5301 31.9697
0.51 0.00500222 -39.1115 19.5764 0 19.5301 31.9697
0.511 0.00459493 -39.1111 19.5764 0 19.5301 31.9697
0.512 0.00418239 -39.1107 19.5764 0 19.5301 31.9697
0.513 0.00377518 -39.1103 19.5764 0 19.5301 31.9697
0.514 0.00338349 -39.1099 19.5764 0 19.5301 31.9697
0.515 0.00301673 -39.1096 19.5764 0 19.5301 31.9697
0.516 0.00268332 -39.1092 19.5764 0 19.5301 31.9697
0.517 0.00239035 -39.109 19.5764 0 19.5301 31.9697
0.518 0.00214346 -39.1087 19.5764 0 19.5301 31.9697
0.519 0.00194666 -39.1085 19.5764 0 19.5301 31.9697
0.52 0.00180227 -39.1084 19.5764 0 19.5301 31.9697
0.521 0.00171088 -39.1083 19.5764 0 19.5301 31.9697
0.522 0.00167143 -39.1082 19.5764 0 19.5301 31.9697
0.523 0.00168125 -39.1083 19.5764 0 19.5301 31.9697
0.524 0.00173625 -39.1083 19.5764 0 19.5301 31.9697
0.525 0.00183106 -39.1084 19.5764 0 19.5301 31.9697
0.526 0.00195927 -39.1085 19.5764 0 19.5301 31.9697
0.527 0.00211367 -39.1087 19.5764 0 19.5301 31.9697
0.528 0.00228649 -39.1089 19.5765 0 19.5301 31.9697
0.529 0.00246972 -39.1091 19.5765 0 19.5301 31.9697
0.53 0.0026553 -39.1092 19.5765 0 19.5301 31.9697
0.531 0.00283544 -39.1094 19.5765 0 19.5301 31.9698
0.532 0.00300283 -39.1096 19.5765 0 19.5301 31.9698
0.533 0.00315089 -39.1098 19.5765 0 19.5302 31.9698
0.534 0.00327389 -39.11 19.5765 0 19.5302 31.9698
0.535 0.00336719 -39.1101 19.5765 0 19.5302 31.9699
0.536 0.00342728 -39.1102 19.5766 0 19.5302 31.9699
0.537 0.00345186 -39.1103 19.5766 0 19.5303 31.97
0.538 0.00343989 -39.1104 19.5767 0 19.5303 31.97
0.539 0.00339158 -39.1105 19.5767 0 19.5304 31.9701
0.54 0.00330829 -39.1105 19.5768 0 19.5304 31.9702
0.541 0.00319247 -39.1106 19.5769 0 19.5305 31.9704
0.542 0.00304754 -39.1106 19.577 0 19.5306 31.9705
0.543 0.00287771 -39.1106 19.5771 0 19.5307 31.9706
0.544 0.00268782 -39.1106 19.5772 0 19.5308 31.9708
0.545 0.00248319 -39.1107 19.5773 0 19.5309 31.971
0.546 0.00226934 -39.1107 19.5774 0 19.531 31.9712
0.547 0.0020519 -39.1107 19.5775 0 19.5311 31.9714
0.548 0.00183633 -39.1108 19.5777 0 19.5313 31.9716
0.549 0.00162781 -39.1108 19.5778 0 19.5314 31.9718
0.55 0.00143106 -39.1109 19.5779 0 19.5315 31.972
0.551 0.00125021 -39.111 19.5781 0 19.5317 31.9723
0.552 0.00108868 -39.1111 19.5782 0 19.5318 31.9725
0.553 0.000949114 -39.1112 19.5783 0 19.5319 31.9727
0.554 0.000833356 -39.1114 19.5785 0 19.5321 31.9729
0.555 0.000742392 -39.1115 19.5786 0 19.5322 31.9731
0.556 0.000676386 -39.1117 19.5787 0 19.5323 31.9733
0.557 0.000634716 -39.1119 19.5788 0 19.5324 31.9735
0.558 0.000616038 -39.1121 19.5789 0 19.5325 31.9737
0.559 0.000618372 -39.1123 19.579 0 19.5326 31.9738
0.56 0.000639204 -39.1125 19.5791 0 19.5327 31.974
0.561 0.000675601 -39.1126 19.5792 0 19.5328 31.9741
0.562 0.000724335 -39.1128 19.5792 0 19.5329 31.9742
0.563 0.000782007 -39.113 19.5793 0 19.5329 31.9743
0.564 0.000845174 -39.1132 19.5793 0 19.533 31.9744
0.565 0.000910465 -39.1133 19.5794 0 19.533 31.9745
0.566 0.000974692 -39.1135 19.5794 0 19.5331 31.9746
0.567 0.00103495 -39.1136 19.5794 0 19.5331 31.9746
0.568 0.00108869 -39.1137 19.5795 0 19.5331 31.9747
0.569 0.0011338 -39.1138 19.5795 0 19.5331 31.9747
0.57 0.00116862 -39.1138 19.5795 0 19.5332 31.9747
0.571 0.00119201 -39.1139 19.5795 0 19.5332 31.9747
0.572 0.00120333 -39.1139 19.5795 0 19.5332 31.9747
0.573 0.00120243 -39.1139 19.5795 0 19.5332 31.9747
0.574 0.00118963 -39.1139 19.5795 0 19.5332 31.9747
0.575 0.00116569 -39.1139 19.5795 0 19.5332 31.9747
0.576 0.00113172 -39.1138 19.5795 0 19.5332 31.9747
0.577 0.00108918 -39.1138 19.5795 0 19.5332 31.9747
0.578 0.00103972 -39.1138 19.5795 0 19.5332 31.9747
0.579 0.000985172 -39.1137 19.5795 0 19.5332 31.9748
0.58 0.00092746 -39.1137 19.5795 0 19.5332 31.9748
0.581 0.0008685 -39.1136 19.5795 0 19.5332 31.9748
0.582 0.000810147 -39.1136 19.5795 0 19.5332 31.9748
0.583 0.000754125 -39.1135 19.5796 0 19.5332 31.9748
0.584 0.000701967 -39.1135 19.5796 0 19.5332 31.9748
0.585 0.000654972 -39.1135 19.5796 0 19.5332 31.9748
0.586 0.000614165 -39.1134 19.5796 0 19.5332 31.9748
0.587 0.000580276 -39.1134 19.5796 0 19.5333 31.9749
0.588 0.000553726 -39.1134 19.5796 0 19.5333 31.9749
0.589 0.00053463 -39.1135 19.5796 0 19.5333 31.9749
0.59 0.000522807 -39.1135 19.5796 0 19.5333 31.9749
0.591 0.000517802 -39.1135 19.5797 0 19.5333 31.975
0.592 0.000518921 -39.1135 19.5797 0 19.5333 31.975
0.593 0.000525265 -39.1136 19.5797 0 19.5333 31.975
0.594 0.000535778 -39.1136 19.5797 0 19.5334 31.975
0.595 0.000549293 -39.1136 19.5797 0 19.5334 31.9751
0.596 0.000564583 -39.1137 19.5797 0 19.5334 31.9751
0.597 0.000580412 -39.1137 19.5797 0 19.5334 31.9751
0.598 0.000595577 -39.1138 19.5797 0 19.5334 31.9751
0.599 0.00060896 -39.1138 19.5798 0 19.5334 31.9751
0.6 0.000619558 -39.1138 19.5798 0 19.5334 31.9751
