0.001 -3.56283e-13
0.002 -3.03038e-14
0.003 8.98752e-13
0.004 1.32752e-12
0.005 7.47145e-13
0.006 -2.29911e-12
0.007 -6.58226e-12
0.008 -8.93444e-12
0.009 -5.90768e-12
0.01 4.59608e-12
0.011 1.95355e-11
0.012 3.28115e-11
0.013 3.81291e-11
0.014 3.01482e-11
0.015 6.49843e-12
0.016 -3.17052e-11
0.017 -7.85316e-11
0.018 -1.23316e-10
0.019 -1.54455e-10
0.02 -1.62888e-10
0.021 -1.44245e-10
0.022 -9.9069e-11
0.023 -3.22151e-11
0.024 4.7419e-11
0.025 1.29831e-10
0.026 2.09299e-10
0.027 2.88736e-10
0.028 3.80195e-10
0.029 5.01342e-10
0.03 6.71806e-10
0.031 9.11533e-10
0.032 1.24008e-09
0.033 1.67702e-09
0.034 2.24524e-09
0.035 2.97779e-09
0.036 3.92497e-09
0.037 5.15687e-09
0.038 6.76255e-09
0.039 8.85184e-09
0.04 1.1563e-08
0.041 1.50729e-08
0.042 1.9604e-08
0.043 2.54322e-08
0.044 3.29008e-08
0.045 4.24445e-08
0.046 5.46145e-08
0.047 7.01023e-08
0.048 8.97658e-08
0.049 1.14669e-07
0.05 1.46133e-07
0.051 1.85799e-07
0.052 2.3568e-07
0.053 2.98236e-07
0.054 3.76467e-07
0.055 4.74043e-07
0.056 5.95449e-07
0.057 7.46139e-07
0.058 9.32721e-07
0.059 1.16317e-06
0.06 1.44711e-06
0.061 1.7961e-06
0.062 2.224e-06
0.063 2.74732e-06
0.064 3.38574e-06
0.065 4.16263e-06
0.066 5.10566e-06
0.067 6.24748e-06
0.068 7.62655e-06
0.069 9.28796e-06
0.07 1.12845e-05
0.071 1.36777e-05
0.072 1.65392e-05
0.073 1.99519e-05
0.074 2.40118e-05
0.075 2.88293e-05
0.076 3.45311e-05
0.077 4.12623e-05
0.078 4.91884e-05
0.079 5.84975e-05
0.08 6.94025e-05
0.081 8.21439e-05
0.082 9.69921e-05
0.083 0.00011425
0.084 0.000134256
0.085 0.000157386
0.086 0.000184057
0.087 0.000214727
0.088 0.000249903
0.089 0.000290136
0.09 0.000336027
0.091 0.000388228
0.092 0.00044744
0.093 0.000514417
0.094 0.000589963
0.095 0.000674931
0.096 0.000770219
0.097 0.000876769
0.098 0.000995559
0.099 0.0011276
0.1 0.00127392
0.101 0.00143557
0.102 0.0016136
0.103 0.00180904
0.104 0.00202289
0.105 0.00225614
0.106 0.00250967
0.107 0.00278431
0.108 0.00308076
0.109 0.00339961
0.11 0.00374129
0.111 0.00410602
0.112 0.00449383
0.113 0.00490451
0.114 0.00533756
0.115 0.00579221
0.116 0.00626733
0.117 0.00676145
0.118 0.00727272
0.119 0.00779889
0.12 0.0083373
0.121 0.00888483
0.122 0.00943793
0.123 0.00999261
0.124 0.0105444
0.125 0.0110885
0.126 0.0116195
0.127 0.0121319
0.128 0.0126194
0.129 0.0130758
0.13 0.0134944
0.131 0.0138684
0.132 0.0141909
0.133 0.0144547
0.134 0.0146529
0.135 0.0147787
0.136 0.0148253
0.137 0.0147865
0.138 0.0146564
0.139 0.0144297
0.14 0.0141016
0.141 0.0136683
0.142 0.0131269
0.143 0.0124752
0.144 0.0117124
0.145 0.0108387
0.146 0.00985551
0.147 0.00876571
0.148 0.0075734
0.149 0.00628411
0.15 0.00490475
0.151 0.00344359
0.152 0.00191027
0.153 0.000315706
0.154 -0.00132795
0.155 -0.00300746
0.156 -0.00470857
0.157 -0.00641619
0.158 -0.00811453
0.159 -0.00978729
0.16 -0.0114179
0.161 -0.0129896
0.162 -0.0144858
0.163 -0.0158903
0.164 -0.0171875
0.165 -0.0183624
0.166 -0.0194013
0.167 -0.0202916
0.168 -0.0210223
0.169 -0.0215839
0.17 -0.021969
0.171 -0.0221719
0.172 -0.0221892
0.173 -0.0220199
0.174 -0.0216648
0.175 -0.0211277
0.176 -0.0204142
0.177 -0.0195325
0.178 -0.018493
0.179 -0.0173082
0.18 -0.0159926
0.181 -0.0145628
0.182 -0.0130367
0.183 -0.0114339
0.184 -0.00977495
0.185 -0.00808152
0.186 -0.0063758
0.187 -0.00468031
0.188 -0.0030176
0.189 -0.0014099
0.19 0.00012114
0.191 0.00155481
0.192 0.0028716
0.193 0.00405347
0.194 0.00508413
0.195 0.00594925
0.196 0.00663669
0.197 0.00713663
0.198 0.00744176
0.199 0.00754734
0.2 0.00745129
0.201 0.00715419
0.202 0.00665929
0.203 0.00597244
0.204 0.00510201
0.205 0.00405877
0.206 0.0028557
0.207 0.00150784
0.208 3.20105e-05
0.209 -0.00155335
0.21 -0.00322851
0.211 -0.00497272
0.212 -0.00676445
0.213 -0.00858175
0.214 -0.0104025
0.215 -0.0122048
0.216 -0.013967
0.217 -0.0156683
0.218 -0.0172889
0.219 -0.0188101
0.22 -0.0202147
0.221 -0.0214869
0.222 -0.022613
0.223 -0.0235809
0.224 -0.0243807
0.225 -0.0250045
0.226 -0.0254465
0.227 -0.0257031
0.228 -0.0257725
0.229 -0.0256555
0.23 -0.0253543
0.231 -0.0248733
0.232 -0.0242185
0.233 -0.0233977
0.234 -0.0224199
0.235 -0.0212956
0.236 -0.0200362
0.237 -0.0186543
0.238 -0.017163
0.239 -0.0155761
0.24 -0.0139078
0.241 -0.0121725
0.242 -0.0103845
0.243 -0.00855823
0.244 -0.00670782
0.245 -0.004847
0.246 -0.00298905
0.247 -0.00114667
0.248 0.000668075
0.249 0.00244385
0.25 0.00417009
0.251 0.00583704
0.252 0.00743579
0.253 0.00895827
0.254 0.0103973
0.255 0.0117465
0.256 0.0130004
0.257 0.0141544
0.258 0.0152045
0.259 0.0161477
0.26 0.0169818
0.261 0.017705
0.262 0.0183166
0.263 0.0188164
0.264 0.0192047
0.265 0.0194826
0.266 0.0196519
0.267 0.0197147
0.268 0.0196739
0.269 0.0195328
0.27 0.0192953
0.271 0.0189657
0.272 0.0185489
0.273 0.0180501
0.274 0.0174751
0.275 0.01683
0.276 0.0161214
0.277 0.0153561
0.278 0.0145414
0.279 0.0136846
0.28 0.0127935
0.281 0.0118759
0.282 0.0109399
0.283 0.00999342
0.284 0.00904466
0.285 0.00810159
0.286 0.0071721
0.287 0.00626387
0.288 0.00538433
0.289 0.00454056
0.29 0.00373925
0.291 0.0029866
0.292 0.00228828
0.293 0.00164937
0.294 0.00107429
0.295 0.000566753
0.296 0.000129758
0.297 -0.00023448
0.298 -0.000524538
0.299 -0.000739796
0.3 -0.000880445
0.301 -0.00094748
0.302 -0.000942682
0.303 -0.000868594
0.304 -0.000728481
0.305 -0.00052629
0.306 -0.00026659
0.307 4.54853e-05
0.308 0.000404306
0.309 0.000803822
0.31 0.00123764
0.311 0.00169912
0.312 0.00218142
0.313 0.00267764
0.314 0.00318086
0.315 0.00368424
0.316 0.00418111
0.317 0.00466502
0.318 0.00512985
0.319 0.00556984
0.32 0.00597966
0.321 0.00635449
0.322 0.00668999
0.323 0.00698244
0.324 0.00722865
0.325 0.00742607
0.326 0.00757275
0.327 0.00766735
0.328 0.00770914
0.329 0.00769797
0.33 0.00763426
0.331 0.00751896
0.332 0.00735351
0.333 0.00713984
0.334 0.00688027
0.335 0.00657751
0.336 0.00623457
0.337 0.00585477
0.338 0.00544163
0.339 0.00499884
0.34 0.00453025
0.341 0.00403977
0.342 0.00353135
0.343 0.00300897
0.344 0.00247652
0.345 0.00193788
0.346 0.00139678
0.347 0.000856852
0.348 0.000321573
0.349 -0.000205751
0.35 -0.000721995
0.351 -0.00122423
0.352 -0.00170972
0.353 -0.00217597
0.354 -0.00262067
0.355 -0.00304173
0.356 -0.00343729
0.357 -0.00380571
0.358 -0.00414555
0.359 -0.0044556
0.36 -0.00473483
0.361 -0.00498246
0.362 -0.00519787
0.363 -0.00538068
0.364 -0.00553068
0.365 -0.00564787
0.366 -0.00573242
0.367 -0.00578471
0.368 -0.00580531
0.369 -0.00579495
0.37 -0.00575456
0.371 -0.00568523
0.372 -0.00558823
0.373 -0.00546499
0.374 -0.0053171
0.375 -0.00514629
0.376 -0.00495447
0.377 -0.00474362
0.378 -0.00451589
0.379 -0.00427352
0.38 -0.00401881
0.381 -0.00375418
0.382 -0.00348207
0.383 -0.00320497
0.384 -0.00292537
0.385 -0.00264577
0.386 -0.00236862
0.387 -0.00209633
0.388 -0.00183123
0.389 -0.00157555
0.39 -0.00133139
0.391 -0.00110072
0.392 -0.000885353
0.393 -0.000686898
0.394 -0.00050678
0.395 -0.000346209
0.396 -0.000206172
0.397 -8.74182e-05
0.398 9.54189e-06
0.399 8.44431e-05
0.4 0.000137265
0.401 0.000168232
0.402 0.000177803
0.403 0.000166669
0.404 0.000135736
0.405 8.61166e-05
0.406 1.91081e-05
0.407 -6.38223e-05
0.408 -0.000161059
0.409 -0.000270863
0.41 -0.000391389
0.411 -0.000520718
0.412 -0.000656875
0.413 -0.000797858
0.414 -0.000941663
0.415 -0.0010863
0.416 -0.00122984
0.417 -0.0013704
0.418 -0.0015062
0.419 -0.00163554
0.42 -0.00175688
0.421 -0.00186877
0.422 -0.00196995
0.423 -0.0020593
0.424 -0.00213584
0.425 -0.00219881
0.426 -0.00224757
0.427 -0.00228168
0.428 -0.00230086
0.429 -0.002305
0.43 -0.00229413
0.431 -0.00226846
0.432 -0.00222831
0.433 -0.00217415
0.434 -0.00210657
0.435 -0.00202623
0.436 -0.00193394
0.437 -0.00183055
0.438 -0.00171699
0.439 -0.00159425
0.44 -0.00146336
0.441 -0.00132537
0.442 -0.00118137
0.443 -0.00103243
0.444 -0.00087966
0.445 -0.00072412
0.446 -0.000566874
0.447 -0.000408957
0.448 -0.000251372
0.449 -9.50862e-05
0.45 5.89746e-05
0.451 0.000209929
0.452 0.000356943
0.453 0.000499235
0.454 0.000636072
0.455 0.00076678
0.456 0.000890738
0.457 0.00100738
0.458 0.0011162
0.459 0.00121675
0.46 0.00130863
0.461 0.00139152
0.462 0.00146514
0.463 0.00152928
0.464 0.00158378
0.465 0.00162856
0.466 0.00166358
0.467 0.00168887
0.468 0.00170452
0.469 0.00171068
0.47 0.00170756
0.471 0.00169543
0.472 0.00167462
0.473 0.0016455
0.474 0.00160854
0.475 0.0015642
0.476 0.00151303
0.477 0.00145563
0.478 0.00139261
0.479 0.00132465
0.48 0.00125244
0.481 0.0011767
0.482 0.00109818
0.483 0.00101764
0.484 0.000935847
0.485 0.000853559
0.486 0.000771538
0.487 0.000690528
0.488 0.00061125
0.489 0.000534398
0.49 0.000460628
0.491 0.000390554
0.492 0.000324742
0.493 0.000263701
0.494 0.000207883
0.495 0.000157673
0.496 0.000113391
0.497 7.52857e-05
0.498 4.35316e-05
0.499 1.82313e-05
0.5 -5.86317e-07
0.501 -1.29654e-05
0.502 -1.90208e-05
0.503 -1.8936e-05
0.504 -1.29589e-05
0.505 -1.39831e-06
0.506 1.53814e-05
0.507 3.69659e-05
0.508 6.28968e-05
0.509 9.26784e-05
0.51 0.000125785
0.511 0.000161666
0.512 0.000199756
0.513 0.000239481
0.514 0.000280264
0.515 0.000321533
0.516 0.000362728
0.517 0.000403308
0.518 0.000442753
0.519 0.000480574
0.52 0.000516314
0.521 0.000549555
0.522 0.000579917
0.523 0.000607067
0.524 0.000630713
0.525 0.000650612
0.526 0.00066657
0.527 0.000678436
0.528 0.000686108
0.529 0.00068953
0.53 0.000688689
0.531 0.000683613
0.532 0.000674372
0.533 0.000661069
0.534 0.000643844
0.535 0.000622866
0.536 0.000598331
0.537 0.000570461
0.538 0.000539495
0.539 0.000505693
0.54 0.000469327
0.541 0.000430681
0.542 0.000390047
0.543 0.000347721
0.544 0.000304005
0.545 0.000259199
0.546 0.000213601
0.547 0.000167506
0.548 0.000121205
0.549 7.49808e-05
0.55 2.91075e-05
0.551 -1.61496e-05
0.552 -6.05361e-05
0.553 -0.000103809
0.554 -0.000145738
0.555 -0.000186106
0.556 -0.000224709
0.557 -0.000261359
0.558 -0.000295882
0.559 -0.00032812
0.56 -0.000357931
0.561 -0.000385191
0.562 -0.000409793
0.563 -0.000431646
0.564 -0.00045068
0.565 -0.000466841
0.566 -0.000480095
0.567 -0.00049043
0.568 -0.000497849
0.569 -0.000502377
0.57 -0.00050406
0.571 -0.00050296
0.572 -0.000499162
0.573 -0.000492768
0.574 -0.000483898
0.575 -0.000472691
0.576 -0.0004593
0.577 -0.000443897
0.578 -0.000426665
0.579 -0.000407802
0.58 -0.000387514
0.581 -0.000366021
0.582 -0.000343545
0.583 -0.000320316
0.584 -0.000296566
0.585 -0.00027253
0.586 -0.000248438
0.587 -0.000224517
0.588 -0.00020099
0.589 -0.000178069
0.59 -0.000155956
0.591 -0.000134842
0.592 -0.0001149
0.593 -9.6291e-05
0.594 -7.91546e-05
0.595 -6.36129e-05
0.596 -4.97676e-05
0.597 -3.76993e-05
0.598 -2.74668e-05
0.599 -1.91075e-05
0.6 -1.26367e-05
