0.001 2.62088e-17 0 -1.65164e-16 6.03287e-17 0 0 -0 7.86265e-17 31.238
0.002 1.47707e-16 0 -1.30971e-16 1.95589e-16 0 0 3.26139e-16 1.13814e-16 14.2195
0.003 2.4359e-16 0 -3.38235e-17 4.4625e-16 0 0 9.40584e-16 2.84567e-16 17.0989
0.004 3.71768e-16 0 1.43927e-16 8.22668e-16 0 0 1.92795e-15 5.89588e-16 18.0506
0.005 6.53865e-16 0 4.2294e-16 1.39146e-15 0 0 3.52228e-15 1.05402e-15 17.5946
0.006 1.21747e-15 0 8.75373e-16 2.32183e-15 0 0 6.20708e-15 1.79241e-15 16.8749
0.007 2.21797e-15 0 1.65037e-15 3.95668e-15 0 0 1.08662e-14 3.04121e-15 16.2708
0.008 3.90738e-15 0 2.98137e-15 6.7674e-15 0 0 1.88683e-14 5.21214e-15 16.0253
0.009 6.73975e-15 0 5.27233e-15 1.16236e-14 0 0 3.25856e-14 8.94997e-15 15.9192
0.01 1.14518e-14 0 9.17674e-15 1.98779e-14 0 0 5.58621e-14 1.53556e-14 15.9343
0.011 1.93599e-14 0 1.57717e-14 3.37256e-14 0 0 9.50379e-14 2.61807e-14 15.9741
0.012 3.2614e-14 0 2.6884e-14 5.70101e-14 0 0 1.60859e-13 4.43505e-14 15.9898
0.013 5.47179e-14 0 4.54727e-14 9.5834e-14 0 0 2.70799e-13 7.47748e-14 16.0178
0.014 9.1546e-14 0 7.64248e-14 1.60368e-13 0 0 4.53758e-13 1.25419e-13 16.0363
0.015 1.52567e-13 0 1.27782e-13 2.67382e-13 0 0 7.57202e-13 2.09471e-13 16.0523
0.016 2.53185e-13 0 2.12626e-13 4.43952e-13 0 0 1.25824e-12 3.48481e-13 16.0738
0.017 4.18363e-13 0 3.52299e-13 7.34386e-13 0 0 2.08247e-12 5.77422e-13 16.0953
0.018 6.88183e-13 0 5.81291e-13 1.20997e-12 0 0 3.43251e-12 9.53065e-13 16.121
0.019 1.12719e-12 0 9.55136e-13 1.9853e-12 0 0 5.63432e-12 1.5667e-12 16.1483
0.02 1.83848e-12 0 1.56294e-12 3.24418e-12 0 0 9.21041e-12 2.56481e-12 16.1756
0.021 2.98618e-12 0 2.54681e-12 5.27897e-12 0 0 1.49934e-11 4.18145e-12 16.2038
0.022 4.83067e-12 0 4.13265e-12 8.55429e-12 0 0 2.43062e-11 6.78855e-12 16.2313
0.023 7.78247e-12 0 6.67795e-12 1.38044e-11 0 0 3.92402e-11 1.09754e-11 16.2587
0.024 1.24866e-11 0 1.07458e-11 2.21841e-11 0 0 6.30875e-11 1.7671e-11 16.286
0.025 1.99518e-11 0 1.72199e-11 3.55036e-11 0 0 1.01009e-10 2.83335e-11 16.3133
0.026 3.17479e-11 0 2.748e-11 5.65853e-11 0 0 1.61056e-10 4.52423e-11 16.3407
0.027 5.03088e-11 0 4.36715e-11 8.9812e-11 0 0 2.55736e-10 7.19432e-11 16.3683
0.028 7.93901e-11 0 6.91155e-11 1.41959e-10 0 0 4.04393e-10 1.13929e-10 16.396
0.029 1.24762e-10 0 1.08929e-10 2.23451e-10 0 0 6.36812e-10 1.7967e-10 16.4239
0.03 1.95251e-10 0 1.70963e-10 3.50263e-10 0 0 9.98645e-10 2.82168e-10 16.4518
0.031 3.04298e-10 0 2.67208e-10 5.46756e-10 0 0 1.55956e-09 4.41297e-10 16.4797
0.032 4.7228e-10 0 4.15892e-10 8.49925e-10 0 0 2.42539e-09 6.87296e-10 16.5077
0.033 7.29948e-10 0 6.44607e-10 1.31569e-09 0 0 3.75621e-09 1.06597e-09 16.5357
0.034 1.1235e-09 0 9.94931e-10 2.0282e-09 0 0 5.79302e-09 1.64638e-09 16.5638
0.035 1.72204e-09 0 1.52922e-09 3.11352e-09 0 0 8.89702e-09 2.53223e-09 16.5919
0.036 2.62845e-09 0 2.34061e-09 4.75964e-09 0 0 1.36072e-08 3.87845e-09 16.6201
0.037 3.99521e-09 0 3.56751e-09 7.24562e-09 0 0 2.07239e-08 5.91555e-09 16.6484
0.038 6.0473e-09 0 5.41472e-09 1.09838e-08 0 0 3.14307e-08 8.98485e-09 16.6767
0.039 9.11514e-09 0 8.18391e-09 1.65809e-08 0 0 4.74695e-08 1.35895e-08 16.7051
0.04 1.36818e-08 0 1.23173e-08 2.4925e-08 0 0 7.13921e-08 2.04679e-08 16.7336
0.041 2.04504e-08 0 1.84604e-08 3.73107e-08 0 0 1.0692e-07 3.06984e-08 16.7621
0.042 3.04392e-08 0 2.75508e-08 5.56162e-08 0 0 1.59455e-07 4.58488e-08 16.7907
0.043 4.51168e-08 0 4.09442e-08 8.25535e-08 0 0 2.36803e-07 6.81883e-08 16.8193
0.044 6.65907e-08 0 6.05915e-08 1.22021e-07 0 0 3.50188e-07 1.00985e-07 16.848
0.045 9.78716e-08 0 8.92878e-08 1.79595e-07 0 0 5.15681e-07 1.48926e-07 16.8767
0.046 1.4324e-07 0 1.31018e-07 2.63218e-07 0 0 7.56175e-07 2.18699e-07 16.9055
0.047 2.08756e-07 0 1.91436e-07 3.84143e-07 0 0 1.10414e-06 3.19802e-07 16.9344
0.048 3.0295e-07 0 2.78529e-07 5.58247e-07 0 0 1.60539e-06 4.65663e-07 16.9633
0.049 4.37787e-07 0 4.03522e-07 8.07814e-07 0 0 2.3243e-06 6.75178e-07 16.9923
0.05 6.29957e-07 0 5.82119e-07 1.16398e-06 0 0 3.35086e-06 9.748e-07 17.0214
0.051 9.02635e-07 0 8.36181e-07 1.67004e-06 0 0 4.81026e-06 1.4014e-06 17.0505
0.052 1.28785e-06 0 1.196e-06 2.3859e-06 0 0 6.87585e-06 2.00611e-06 17.0797
0.053 1.82963e-06 0 1.70334e-06 3.39404e-06 0 0 9.78651e-06 2.85951e-06 17.1089
0.054 2.58825e-06 0 2.41549e-06 4.80751e-06 0 0 1.38698e-05 4.05852e-06 17.1383
0.055 3.6458e-06 0 3.4107e-06 6.78044e-06 0 0 1.95726e-05 5.73562e-06 17.1676
0.056 5.11348e-06 0 4.79525e-06 9.52198e-06 0 0 2.75017e-05 8.07101e-06 17.1971
0.057 7.14127e-06 0 6.71281e-06 1.33145e-05 0 0 3.84771e-05 1.13085e-05 17.2266
0.058 9.9304e-06 0 9.35663e-06 1.85373e-05 0 0 5.36008e-05 1.57765e-05 17.2562
0.059 1.37495e-05 0 1.29854e-05 2.56973e-05 0 0 7.4347e-05 2.19148e-05 17.2858
0.06 1.89553e-05 0 1.79433e-05 3.54689e-05 0 0 0.000102678 3.031e-05 17.3155
0.061 2.60194e-05 0 2.46868e-05 4.87439e-05 0 0 0.00014119 4.17398e-05 17.3453
0.062 3.55615e-05 0 3.38168e-05 6.66965e-05 0 0 0.000193305 5.72304e-05 17.3752
0.063 4.83923e-05 0 4.61215e-05 9.08636e-05 0 0 0.000263506 7.81288e-05 17.4051
0.064 6.55664e-05 0 6.26286e-05 0.000123248 0 0 0.000357636 0.000106194 17.4352
0.065 8.84487e-05 0 8.46714e-05 0.000166442 0 0 0.000483272 0.00014371 17.4653
0.066 0.000118796 0 0.00011397 0.000223789 0 0 0.000650185 0.000193629 17.4954
0.067 0.000158858 0 0.000152732 0.000299573 0 0 0.000870906 0.000259743 17.5257
0.068 0.000211498 0 0.000203774 0.000399254 0 0 0.00116142 0.000346898 17.556
0.069 0.000280344 0 0.000270672 0.000529752 0 0 0.00154202 0.000461255 17.5864
0.07 0.000369961 0 0.000357937 0.000699789 0 0 0.00203829 0.000610598 17.6169
0.071 0.000486068 0 0.000471232 0.000920298 0 0 0.00268231 0.000804711 17.6475
0.072 0.000635782 0 0.00061762 0.0012049 0 0 0.00351412 0.00105582 17.6782
0.073 0.000827911 0 0.000805861 0.00157046 0 0 0.00458333 0.0013791 17.709
0.074 0.00107329 0 0.00104675 0.00203776 0 0 0.00595111 0.00179331 17.7399
0.075 0.00138517 0 0.00135354 0.00263221 0 0 0.00769237 0.00232146 17.7709
0.076 0.00177965 0 0.00174232 0.00338472 0 0 0.00989831 0.00299162 17.8019
0.077 0.00227618 0 0.00223261 0.00433266 0 0 0.0126793 0.00383782 17.8331
0.078 0.00289807 0 0.00284784 0.00552086 0 0 0.0161678 0.00490103 17.8644
0.079 0.00367313 0 0.00361602 0.00700283 0 0 0.0205223 0.00623031 17.8959
0.08 0.00463427 0 0.00457034 0.00884192 0 0 0.0259305 0.00788393 17.9274
0.081 0.00582017 0 0.00574993 0.0111126 0 0 0.0326134 0.00993066 17.959
0.082 0.00727596 0 0.00720051 0.013902 0 0 0.0408296 0.0124511 17.9908
0.083 0.00905393 0 0.00897515 0.0173108 0 0 0.0508789 0.015539 18.0228
0.084 0.0112142 0 0.011135 0.0214551 0 0 0.0631068 0.0193026 18.0548
0.085 0.0138252 0 0.0137498 0.026467 0 0 0.0779077 0.0238657 18.087
0.086 0.0169645 0 0.0168986 0.032496 0 0 0.0957282 0.0293692 18.1194
0.087 0.0207187 0 0.0206701 0.0397097 0 0 0.11707 0.0359713 18.1519
0.088 0.0251842 0 0.0251631 0.048294 0 0 0.14249 0.0438486 18.1846
0.089 0.0304667 0 0.030486 0.0584533 0 0 0.172602 0.0531963 18.2174
0.09 0.0366812 0 0.036757 0.0704095 0 0 0.208075 0.0642274 18.2504
0.091 0.0439512 0 0.0441032 0.0844012 0 0 0.249628 0.0771722 18.2836
0.092 0.0524075 0 0.0526598 0.100681 0 0 0.298024 0.0922762 18.317
0.093 0.0621868 0 0.0625679 0.119513 0 0 0.354065 0.109798 18.3506
0.094 0.0734297 0 0.0739732 0.141167 0 0 0.418575 0.130005 18.3845
0.095 0.0862779 0 0.0870225 0.165918 0 0 0.492388 0.153169 18.4185
0.096 0.100871 0 0.101861 0.194033 0 0 0.576328 0.179563 18.4528
0.097 0.117343 0 0.118628 0.22577 0 0 0.671189 0.209448 18.4873
0.098 0.135818 0 0.137452 0.261365 0 0 0.777708 0.243073 18.5221
0.099 0.156403 0 0.158446 0.301024 0 0 0.896534 0.28066 18.5571
0.1 0.179188 0 0.181704 0.344914 0 0 1.0282 0.322395 18.5925
0.101 0.204233 0 0.207288 0.39315 0 0 1.17309 0.368419 18.6281
0.102 0.23157 0 0.235232 0.445782 0 0 1.3314 0.418817 18.664
0.103 0.261188 0 0.265525 0.502787 0 0 1.5031 0.473603 18.7002
0.104 0.293038 0 0.298115 0.564058 0 0 1.68792 0.532712 18.7368
0.105 0.32702 0 0.332896 0.629391 0 0 1.88529 0.595989 18.7737
0.106 0.362979 0 0.369705 0.698478 0 0 2.09434 0.663178 18.8109
0.107 0.400708 0 0.408324 0.770903 0 0 2.31385 0.733919 18.8485
0.108 0.439941 0 0.448468 0.846138 0 0 2.54229 0.807739 18.8864
0.109 0.480354 0 0.489794 0.923542 0 0 2.77774 0.884052 18.9246
0.11 0.52157 0 0.531899 1.00237 0 0 3.018 0.962164 18.9632
0.111 0.56316 0 0.574324 1.08177 0 0 3.26053 1.04128 19.0022
0.112 0.604654 0 0.616562 1.16082 0 0 3.50254 1.12051 19.0414
0.113 0.645548 0 0.658069 1.23853 0 0 3.74103 1.19888 19.0809
0.114 0.68532 0 0.698275 1.31387 0 0 3.97286 1.2754 19.1205
0.115 0.723443 0 0.736603 1.38579 0 0 4.19486 1.34902 19.1603
0.116 0.759408 0 0.772483 1.4533 0 0 4.4039 1.41871 19.2001
0.117 0.792736 0 0.805374 1.51545 0 0 4.59706 1.4835 19.2397
0.118 0.823011 0 0.834788 1.5714 0 0 4.77169 1.54249 19.279
0.119 0.849894 0 0.860312 1.62047 0 0 4.9256 1.59492 19.3177
0.12 0.873155 0 0.88163 1.66218 0 0 5.05717 1.64021 19.3554
0.121 0.892689 0 0.898545 1.6963 0 0 5.16551 1.67798 19.3918
0.122 0.908545 0 0.911004 1.72285 0 0 5.25054 1.70814 19.4263
0.123 0.920938 0 0.919111 1.74219 0 0 5.31312 1.73088 19.4582
0.124 0.930273 0 0.923142 1.75503 0 0 5.35516 1.74672 19.4868
0.125 0.937151 0 0.923557 1.76241 0 0 5.37965 1.75654 19.5111
0.126 0.942379 0 0.921 1.76576 0 0 5.39071 1.76157 19.5299
0.127 0.946964 0 0.916296 1.76687 0 0 5.39355 1.76342 19.5422
0.128 0.952113 0 0.910441 1.76786 0 0 5.39447 1.76406 19.5466
0.129 0.959214 0 0.904586 1.77117 0 0 5.40074 1.76576 19.5421
0.13 0.969813 0 0.900007 1.77951 0 0 5.42044 1.77111 19.5276
0.131 0.985587 0 0.898078 1.79578 0 0 5.46235 1.78291 19.5028
0.132 1.00831 0 0.90023 1.82301 0 0 5.53567 1.80413 19.4679
0.133 1.03979 0 0.90791 1.86427 0 0 5.6498 1.83784 19.4238
0.134 1.08184 0 0.922533 1.9226 0 0 5.81407 1.88709 19.3726
0.135 1.13624 0 0.945437 2.00088 0 0 6.03742 1.95486 19.3169
0.136 1.20461 0 0.97783 2.10176 0 0 6.32813 2.04392 19.2599
0.137 1.28844 0 1.02075 2.22754 0 0 6.69347 2.15674 19.2049
0.138 1.38896 0 1.07503 2.38007 0 0 7.13948 2.29542 19.1548
0.139 1.50711 0 1.14126 2.56072 0 0 7.67066 2.46157 19.112
0.14 1.64351 0 1.21976 2.77024 0 0 8.28976 2.65625 19.0778
0.141 1.79836 0 1.31057 3.00875 0 0 8.99759 2.87991 19.053
0.142 1.97145 0 1.41346 3.2757 0 0 9.79294 3.13233 19.0374
0.143 2.16207 0 1.52794 3.56985 0 0 10.6725 3.41261 19.0305
0.144 2.36905 0 1.65329 3.88927 0 0 11.6308 3.71917 19.0313
0.145 2.59072 0 1.78858 4.23138 0 0 12.6604 4.04975 19.0387
0.146 2.82487 0 1.93276 4.59302 0 0 13.7521 4.40146 19.0517
0.147 3.06884 0 2.08468 4.97048 0 0 14.8949 4.77087 19.0691
0.148 3.31949 0 2.24321 5.35965 0 0 16.0764 5.15407 19.09
0.149 3.57323 0 2.40727 5.75607 0 0 17.2833 5.54674 19.1136
0.15 3.82613 0 2.57593 6.1551 0 0 18.5015 5.94435 19.1391
0.151 4.0739 0 2.74846 6.55202 0 0 19.7166 6.34219 19.1659
0.152 4.31205 0 2.92443 6.94216 0 0 20.9142 6.73556 19.1935
0.153 4.5359 0 3.10371 7.32105 0 0 22.0805 7.11988 19.2215
0.154 4.74073 0 3.28656 7.6845 0 0 23.2026 7.49082 19.2495
0.155 4.92185 0 3.47357 8.02875 0 0 24.2686 7.84439 19.2771
0.156 5.07476 0 3.66572 8.35055 0 0 25.2681 8.1771 19.3042
0.157 5.19521 0 3.86432 8.64724 0 0 26.1928 8.48599 19.3305
0.158 5.27939 0 4.07091 8.91681 0 0 27.0358 8.76872 19.3557
0.159 5.32402 0 4.28722 9.15792 0 0 27.7928 9.02362 19.3798
0.16 5.32649 0 4.51503 9.36993 0 0 28.4612 9.24971 19.4026
0.161 5.28499 0 4.75603 9.55287 0 0 29.0406 9.44671 19.4239
0.162 5.19865 0 5.0117 9.70744 0 0 29.5328 9.61499 19.4436
0.163 5.06763 0 5.28311 9.83494 0 0 29.9412 9.75555 19.4617
0.164 4.8932 0 5.57076 9.93719 0 0 30.2711 9.86998 19.4781
0.165 4.67788 0 5.87445 10.0165 0 0 30.5292 9.96035 19.4926
0.166 4.42541 0 6.19309 10.0755 0 0 30.7231 10.0291 19.5055
0.167 4.14082 0 6.52463 10.1171 0 0 30.8617 10.0791 19.5165
0.168 3.83041 0 6.86591 10.1444 0 0 30.9541 10.1134 19.5258
0.169 3.50169 0 7.21266 10.1606 0 0 31.0099 10.135 19.5336
0.17 3.16329 0 7.55946 10.1688 0 0 31.0387 10.1471 19.5399
0.171 2.82478 0 7.89982 10.1722 0 0 31.0497 10.1529 19.545
0.172 2.49653 0 8.22628 10.1735 0 0 31.0516 10.1553 19.5491
0.173 2.18945 0 8.53055 10.1754 0 0 31.0525 10.1571 19.5525
0.174 1.91472 0 8.80375 10.1803 0 0 31.0595 10.1607 19.5555
0.175 1.68348 0 9.0367 10.1903 0 0 31.0788 10.1683 19.5585
0.176 1.50648 0 9.2202 10.2069 0 0 31.1154 10.1818 19.562
0.177 1.39373 0 9.34539 10.2316 0 0 31.1734 10.2027 19.5663
0.178 1.35412 0 9.40412 10.2654 0 0 31.2557 10.2321 19.572
0.179 1.39508 0 9.38934 10.3089 0 0 31.3641 10.2708 19.5794
0.18 1.52222 0 9.29543 10.3624 0 0 31.4995 10.3194 19.5889
0.181 1.73905 0 9.1186 10.4261 0 0 31.6616 10.3779 19.6011
0.182 2.04668 0 8.85709 10.4997 0 0 31.8498 10.4463 19.6163
0.183 2.44369 0 8.51151 10.5829 0 0 32.0624 10.5243 19.6348
0.184 2.92596 0 8.08493 10.675 0 0 32.2973 10.6115 19.657
0.185 3.48668 0 7.58296 10.7753 0 0 32.552 10.7071 19.6832
0.186 4.1164 0 7.01379 10.8831 0 0 32.8237 10.8104 19.7137
0.187 4.80321 0 6.38798 10.9976 0 0 33.1094 10.9206 19.7487
0.188 5.53295 0 5.71834 11.1177 0 0 33.4059 11.0369 19.7883
0.189 6.28963 0 5.01953 11.2426 0 0 33.7101 11.1584 19.8329
0.19 7.0558 0 4.30773 11.3715 0 0 34.0191 11.2841 19.8825
0.191 7.81308 0 3.60012 11.5034 0 0 34.33 11.4134 19.9372
0.192 8.54272 0 2.91437 11.6377 0 0 34.6402 11.5454 19.9972
0.193 9.22616 0 2.26808 11.7736 0 0 34.9472 11.6794 20.0625
0.194 9.84564 0 1.67817 11.9104 0 0 35.2489 11.8147 20.1331
0.195 10.3848 0 1.16031 12.0475 0 0 35.5434 11.9508 20.209
0.196 10.8291 0 0.728408 12.1845 0 0 35.8292 12.0871 20.2902
0.197 11.1667 0 0.394064 12.3208 0 0 36.1048 12.2232 20.3767
0.198 11.3883 0 0.166199 12.456 0 0 36.3692 12.3586 20.4682
0.199 11.488 0 0.0507115 12.5898 0 0 36.6215 12.493 20.5646
0.2 11.463 0 0.0502599 12.7218 0 0 36.8611 12.6259 20.6657
0.201 11.3144 0 0.164166 12.8518 0 0 37.0875 12.7572 20.7711
0.202 11.0463 0 0.388429 12.9793 0 0 37.3004 12.8864 20.8806
0.203 10.6665 0 0.71587 13.1042 0 0 37.4998 13.0132 20.9937
0.204 10.1856 0 1.13638 13.2262 0 0 37.6856 13.1375 21.1099
0.205 9.61707 0 1.63726 13.3449 0 0 37.858 13.2588 21.2286
0.206 8.97651 0 2.20371 13.4601 0 0 38.0172 13.3768 21.3491
0.207 8.28131 0 2.81929 13.5715 0 0 38.1634 13.4913 21.4707
0.208 7.55002 0 3.46653 13.6788 0 0 38.2971 13.6017 21.5926
0.209 6.80173 0 4.12746 13.7816 0 0 38.4186 13.7079 21.7139
0.21 6.05547 0 4.78427 13.8795 0 0 38.5285 13.8093 21.8337
0.211 5.32964 0 5.41986 13.9722 0 0 38.6273 13.9056 21.9508
0.212 4.64145 0 6.01834 14.0593 0 0 38.7155 13.9964 22.0643
0.213 4.00638 0 6.56556 14.1405 0 0 38.7938 14.0813 22.1731
0.214 3.4378 0 7.04946 14.2154 0 0 38.8626 14.1599 22.2762
0.215 2.94662 0 7.4604 14.2837 0 0 38.9226 14.2319 22.3725
0.216 2.54101 0 7.79137 14.3452 0 0 38.9745 14.2969 22.4611
0.217 2.22626 0 8.03813 14.3997 0 0 39.0189 14.3549 22.5412
0.218 2.00474 0 8.19916 14.447 0 0 39.0565 14.4056 22.6121
0.219 1.87594 0 8.27564 14.4872 0 0 39.0877 14.4489 22.6733
0.22 1.83659 0 8.27122 14.5205 0 0 39.1133 14.485 22.7246
0.221 1.88088 0 8.19181 14.547 0 0 39.1339 14.5142 22.766
0.222 2.00076 0 8.04524 14.5673 0 0 39.15 14.5367 22.7979
0.223 2.18628 0 7.84087 14.5819 0 0 39.1622 14.5531 22.8208
0.224 2.42597 0 7.58924 14.5916 0 0 39.171 14.5641 22.8357
0.225 2.70728 0 7.30156 14.5974 0 0 39.1768 14.5706 22.844
0.226 3.017 0 6.98936 14.6002 0 0 39.1802 14.5737 22.8474
0.227 3.34172 0 6.66402 14.6014 0 0 39.1816 14.5744 22.848
0.228 3.6682 0 6.3364 14.6024 0 0 39.1813 14.5743 22.8477
0.229 3.98383 0 6.01648 14.6046 0 0 39.1796 14.5747 22.8484
0.23 4.27696 0 5.71309 14.6097 0 0 39.177 14.5772 22.8523
0.231 4.53721 0 5.43361 14.6193 0 0 39.1736 14.5835 22.8622
0.232 4.75574 0 5.18384 14.6349 0 0 39.1696 14.5951 22.8804
0.233 4.92546 0 4.96787 14.6582 0 0 39.1654 14.6138 22.9097
0.234 5.04113 0 4.78801 14.6908 0 0 39.1609 14.641 22.9524
0.235 5.09952 0 4.64485 14.7338 0 0 39.1565 14.6783 23.0108
0.236 5.09933 0 4.53733 14.7887 0 0 39.1521 14.7268 23.0868
0.237 5.04119 0 4.46285 14.8562 0 0 39.1479 14.7877 23.1822
0.238 4.92756 0 4.4175 14.9371 0 0 39.1439 14.8617 23.2983
0.239 4.76254 0 4.39625 15.0318 0 0 39.1401 14.9495 23.436
0.24 4.5517 0 4.39322 15.1405 0 0 39.1367 15.0513 23.5955
0.241 4.3018 0 4.40197 15.2628 0 0 39.1335 15.1669 23.7768
0.242 4.02058 0 4.41576 15.3983 0 0 39.1307 15.296 23.9792
0.243 3.71639 0 4.42785 15.546 0 0 39.1282 15.4379 24.2016
0.244 3.39797 0 4.43175 15.7048 0 0 39.1259 15.5915 24.4423
0.245 3.0741 0 4.42149 15.8731 0 0 39.124 15.7553 24.6992
0.246 2.75335 0 4.39184 16.0492 0 0 39.1223 15.9279 24.9697
0.247 2.44377 0 4.33848 16.2313 0 0 39.1208 16.1073 25.251
0.248 2.15271 0 4.25814 16.4172 0 0 39.1196 16.2915 25.5398
0.249 1.88654 0 4.1487 16.6048 0 0 39.1185 16.4784 25.8329
0.25 1.65055 0 4.00924 16.7919 0 0 39.1176 16.6659 26.1267
0.251 1.44879 0 3.84007 16.9763 0 0 39.1169 16.8517 26.418
0.252 1.28402 0 3.64261 17.156 0 0 39.1163 17.0336 26.7032
0.253 1.15765 0 3.4194 17.3289 0 0 39.1158 17.2098 26.9794
0.254 1.0698 0 3.17391 17.4934 0 0 39.1154 17.3782 27.2434
0.255 1.01933 0 2.91042 17.6479 0 0 39.115 17.5374 27.4929
0.256 1.00396 0 2.63384 17.7912 0 0 39.1148 17.6858 27.7256
0.257 1.0204 0 2.34952 17.9222 0 0 39.1146 17.8224 27.9398
0.258 1.06453 0 2.06303 18.0404 0 0 39.1144 17.9464 28.1342
0.259 1.13157 0 1.77999 18.1454 0 0 39.1143 18.0574 28.3081
0.26 1.21629 0 1.50587 18.237 0 0 39.1142 18.155 28.4611
0.261 1.3132 0 1.24577 18.3157 0 0 39.1141 18.2394 28.5935
0.262 1.41677 0 1.00434 18.3818 0 0 39.1141 18.3111 28.7059
0.263 1.52163 0 0.785533 18.4362 0 0 39.114 18.3706 28.7992
0.264 1.62272 0 0.592609 18.4798 0 0 39.114 18.4189 28.8749
0.265 1.71546 0 0.42798 18.5136 0 0 39.114 18.4569 28.9345
0.266 1.79589 0 0.293192 18.539 0 0 39.1139 18.4859 28.9799
0.267 1.86077 0 0.188905 18.5571 0 0 39.1139 18.5071 29.0132
0.268 1.90763 0 0.11491 18.5695 0 0 39.1139 18.5219 29.0363
0.269 1.93484 0 0.0701699 18.5774 0 0 39.1139 18.5316 29.0515
0.27 1.9416 0 0.0528895 18.582 0 0 39.1139 18.5374 29.0607
0.271 1.92789 0 0.0606056 18.5846 0 0 39.1139 18.5408 29.0659
0.272 1.89448 0 0.0902942 18.5864 0 0 39.1139 18.5428 29.069
0.273 1.84282 0 0.138491 18.5882 0 0 39.1139 18.5444 29.0716
0.274 1.77494 0 0.201422 18.591 0 0 39.1139 18.5466 29.075
0.275 1.69337 0 0.27513 18.5954 0 0 39.1139 18.5501 29.0805
0.276 1.60097 0 0.355614 18.6019 0 0 39.1139 18.5555 29.089
0.277 1.50088 0 0.438948 18.6109 0 0 39.1139 18.5633 29.1012
0.278 1.3963 0 0.521402 18.6226 0 0 39.1139 18.5737 29.1175
0.279 1.29046 0 0.599547 18.6371 0 0 39.1139 18.5868 29.1381
0.28 1.18642 0 0.670345 18.6544 0 0 39.1139 18.6028 29.1631
0.281 1.08705 0 0.731224 18.6742 0 0 39.1139 18.6214 29.1923
0.282 0.994837 0 0.780133 18.6964 0 0 39.1139 18.6425 29.2254
0.283 0.911913 0 0.815578 18.7207 0 0 39.1139 18.6658 29.2619
0.284 0.83993 0 0.836641 18.7465 0 0 39.1139 18.6908 29.3012
0.285 0.780053 0 0.842976 18.7736 0 0 39.1139 18.7173 29.3426
0.286 0.732935 0 0.834792 18.8015 0 0 39.1139 18.7447 29.3857
0.287 0.698724 0 0.812817 18.8297 0 0 39.1139 18.7727 29.4295
0.288 0.677081 0 0.778244 18.8578 0 0 39.1139 18.8008 29.4736
0.289 0.667216 0 0.73267 18.8855 0 0 39.1139 18.8286 29.5171
0.29 0.667945 0 0.67802 18.9123 0 0 39.1139 18.8557 29.5596
0.291 0.677752 0 0.61647 18.9379 0 0 39.1139 18.8818 29.6005
0.292 0.694859 0 0.550356 18.9621 0 0 39.1139 18.9066 29.6394
0.293 0.717311 0 0.482089 18.9847 0 0 39.1139 18.9298 29.6758
0.294 0.743054 0 0.414071 19.0055 0 0 39.1139 18.9513 29.7095
0.295 0.770017 0 0.34861 19.0243 0 0 39.1139 18.971 29.7403
0.296 0.796194 0 0.287847 19.0412 0 0 39.1139 18.9887 29.7681
0.297 0.819713 0 0.233688 19.0561 0 0 39.1139 19.0044 29.7927
0.298 0.838904 0 0.187748 19.0691 0 0 39.1139 19.0182 29.8144
0.299 0.85235 0 0.15131 19.0802 0 0 39.1139 19.0301 29.833
0.3 0.858928 0 0.125293 19.0895 0 0 39.1139 19.0402 29.8489
0.301 0.857845 0 0.110236 19.0972 0 0 39.1139 19.0486 29.8621
0.302 0.848644 0 0.106293 19.1034 0 0 39.1139 19.0555 29.8729
0.303 0.831215 0 0.11325 19.1084 0 0 39.1139 19.0611 29.8816
0.304 0.80578 0 0.130541 19.1122 0 0 39.1139 19.0654 29.8884
0.305 0.772872 0 0.157287 19.115 0 0 39.1139 19.0688 29.8936
0.306 0.733301 0 0.192337 19.1171 0 0 39.1139 19.0712 29.8975
0.307 0.688114 0 0.23432 19.1185 0 0 39.1139 19.073 29.9003
0.308 0.638548 0 0.281701 19.1194 0 0 39.1139 19.0742 29.9022
0.309 0.585974 0 0.332842 19.12 0 0 39.1139 19.0751 29.9035
0.31 0.531844 0 0.386058 19.1204 0 0 39.1139 19.0756 29.9044
0.311 0.477634 0 0.439681 19.1206 0 0 39.1139 19.076 29.905
0.312 0.424792 0 0.49211 19.1208 0 0 39.1139 19.0763 29.9054
0.313 0.374685 0 0.541864 19.1209 0 0 39.1139 19.0765 29.9057
0.314 0.328557 0 0.587627 19.1211 0 0 39.1139 19.0767 29.906
0.315 0.287486 0 0.628276 19.1213 0 0 39.1139 19.0769 29.9064
0.316 0.252358 0 0.662918 19.1215 0 0 39.1139 19.0771 29.9068
0.317 0.22384 0 0.690897 19.1218 0 0 39.1139 19.0774 29.9072
0.318 0.202365 0 0.711809 19.1221 0 0 39.1139 19.0777 29.9076
0.319 0.188131 0 0.725497 19.1223 0 0 39.1139 19.078 29.9081
0.32 0.181097 0 0.732043 19.1226 0 0 39.1139 19.0782 29.9085
0.321 0.180999 0 0.731749 19.1228 0 0 39.1139 19.0784 29.9088
0.322 0.187363 0 0.725115 19.1229 0 0 39.1139 19.0785 29.9089
0.323 0.199532 0 0.712807 19.123 0 0 39.1139 19.0786 29.909
0.324 0.216691 0 0.695623 19.123 0 0 39.1139 19.0786 29.909
0.325 0.2379 0 0.67446 19.123 0 0 39.1139 19.0785 29.9089
0.326 0.262132 0 0.650271 19.1231 0 0 39.1139 19.0785 29.9088
0.327 0.288305 0 0.624033 19.1232 0 0 39.1139 19.0784 29.9088
0.328 0.315321 0 0.596707 19.1234 0 0 39.1139 19.0785 29.9089
0.329 0.3421 0 0.569205 19.1239 0 0 39.1139 19.0788 29.9093
0.33 0.367616 0 0.542362 19.1246 0 0 39.1139 19.0793 29.9102
0.331 0.390924 0 0.516908 19.1259 0 0 39.1139 19.0802 29.9116
0.332 0.411188 0 0.493452 19.1276 0 0 39.1139 19.0817 29.9138
0.333 0.427704 0 0.472462 19.1301 0 0 39.1139 19.0837 29.917
0.334 0.439915 0 0.454262 19.1333 0 0 39.1139 19.0865 29.9214
0.335 0.447427 0 0.439024 19.1374 0 0 39.1139 19.0901 29.927
0.336 0.450009 0 0.426775 19.1425 0 0 39.1139 19.0946 29.9342
0.337 0.447597 0 0.417402 19.1487 0 0 39.1139 19.1002 29.943
0.338 0.44029 0 0.410666 19.156 0 0 39.1139 19.107 29.9535
0.339 0.42834 0 0.406221 19.1645 0 0 39.1139 19.1149 29.9659
0.34 0.412134 0 0.403629 19.1742 0 0 39.1139 19.124 29.9802
0.341 0.392182 0 0.402387 19.1851 0 0 39.1139 19.1343 29.9963
0.342 0.369092 0 0.40195 19.1971 0 0 39.1139 19.1458 30.0143
0.343 0.343544 0 0.401752 19.2103 0 0 39.1139 19.1584 30.0341
0.344 0.316271 0 0.401234 19.2244 0 0 39.1139 19.172 30.0555
0.345 0.288029 0 0.399867 19.2394 0 0 39.1139 19.1866 30.0784
0.346 0.259569 0 0.397167 19.2552 0 0 39.1139 19.202 30.1026
0.347 0.231619 0 0.392718 19.2715 0 0 39.1139 19.2181 30.1278
0.348 0.204857 0 0.386187 19.2882 0 0 39.1139 19.2347 30.1537
0.349 0.17989 0 0.37733 19.3052 0 0 39.1139 19.2515 30.1802
0.35 0.157241 0 0.366003 19.3222 0 0 39.1139 19.2685 30.2068
0.351 0.137334 0 0.352162 19.339 0 0 39.1139 19.2854 30.2333
0.352 0.120483 0 0.335867 19.3555 0 0 39.1139 19.3021 30.2594
0.353 0.106891 0 0.31727 19.3715 0 0 39.1139 19.3183 30.2848
0.354 0.0966456 0 0.296612 19.3867 0 0 39.1139 19.3339 30.3093
0.355 0.0897224 0 0.274211 19.4012 0 0 39.1139 19.3488 30.3326
0.356 0.0859936 0 0.250447 19.4147 0 0 39.1139 19.3627 30.3545
0.357 0.0852361 0 0.225749 19.4272 0 0 39.1139 19.3757 30.3748
0.358 0.087145 0 0.200577 19.4386 0 0 39.1139 19.3876 30.3935
0.359 0.0913484 0 0.175403 19.4488 0 0 39.1139 19.3983 30.4103
0.36 0.0974236 0 0.150702 19.4579 0 0 39.1139 19.4079 30.4253
0.361 0.104914 0 0.126926 19.4658 0 0 39.1139 19.4163 30.4385
0.362 0.113349 0 0.104498 19.4725 0 0 39.1139 19.4236 30.4499
0.363 0.122257 0 0.0837933 19.4782 0 0 39.1139 19.4297 30.4595
0.364 0.131184 0 0.0651326 19.4828 0 0 39.1139 19.4348 30.4675
0.365 0.139709 0 0.0487708 19.4865 0 0 39.1139 19.4389 30.4739
0.366 0.147454 0 0.0348929 19.4894 0 0 39.1139 19.4422 30.479
0.367 0.154097 0 0.0236099 19.4916 0 0 39.1139 19.4447 30.4829
0.368 0.159377 0 0.0149586 19.4931 0 0 39.1139 19.4465 30.4857
0.369 0.163104 0 0.00890321 19.4942 0 0 39.1139 19.4477 30.4877
0.37 0.165153 0 0.00533938 19.4949 0 0 39.1139 19.4486 30.489
0.371 0.165474 0 0.00410044 19.4953 0 0 39.1139 19.4491 30.4898
0.372 0.164083 0 0.0049652 19.4955 0 0 39.1139 19.4494 30.4903
0.373 0.161057 0 0.00766712 19.4957 0 0 39.1139 19.4495 30.4906
0.374 0.156531 0 0.0119046 19.4958 0 0 39.1139 19.4497 30.4908
0.375 0.150688 0 0.0173516 19.496 0 0 39.1139 19.4499 30.4911
0.376 0.143748 0 0.0236691 19.4964 0 0 39.1139 19.4501 30.4915
0.377 0.13596 0 0.030516 19.4969 0 0 39.1139 19.4506 30.4922
0.378 0.127589 0 0.0375592 19.4976 0 0 39.1139 19.4512 30.4931
0.379 0.118908 0 0.0444843 19.4985 0 0 39.1139 19.452 30.4944
0.38 0.110184 0 0.0510035 19.4997 0 0 39.1139 19.4531 30.4961
0.381 0.101674 0 0.0568638 19.5011 0 0 39.1139 19.4543 30.4981
0.382 0.0936083 0 0.0618526 19.5027 0 0 39.1139 19.4558 30.5004
0.383 0.0861915 0 0.0658026 19.5044 0 0 39.1139 19.4575 30.5031
0.384 0.0795912 0 0.0685947 19.5064 0 0 39.1139 19.4594 30.506
0.385 0.0739353 0 0.070159 19.5085 0 0 39.1139 19.4614 30.5091
0.386 0.0693096 0 0.0704749 19.5106 0 0 39.1139 19.4635 30.5125
0.387 0.0657566 0 0.0695687 19.5129 0 0 39.1139 19.4657 30.5159
0.388 0.0632761 0 0.0675105 19.5152 0 0 39.1139 19.468 30.5195
0.389 0.0618275 0 0.0644098 19.5174 0 0 39.1139 19.4703 30.523
0.39 0.0613335 0 0.0604092 19.5197 0 0 39.1139 19.4725 30.5266
0.391 0.0616847 0 0.0556787 19.5219 0 0 39.1139 19.4747 30.53
0.392 0.0627453 0 0.0504078 19.524 0 0 39.1139 19.4768 30.5333
0.393 0.0643599 0 0.0447985 19.5259 0 0 39.1139 19.4788 30.5365
0.394 0.0663597 0 0.0390574 19.5278 0 0 39.1139 19.4807 30.5395
0.395 0.0685703 0 0.0333887 19.5295 0 0 39.1139 19.4825 30.5422
0.396 0.070818 0 0.0279868 19.531 0 0 39.1139 19.4841 30.5448
0.397 0.0729363 0 0.0230304 19.5324 0 0 39.1139 19.4856 30.547
0.398 0.0747725 0 0.0186764 19.5336 0 0 39.1139 19.4869 30.5491
0.399 0.0761922 0 0.0150559 19.5347 0 0 39.1139 19.488 30.5508
0.4 0.0770839 0 0.0122705 19.5356 0 0 39.1139 19.489 30.5524
0.401 0.0773619 0 0.0103901 19.5364 0 0 39.1139 19.4898 30.5537
0.402 0.0769687 0 0.00945197 19.537 0 0 39.1139 19.4905 30.5548
0.403 0.0758759 0 0.00946054 19.5375 0 0 39.1139 19.4911 30.5557
0.404 0.0740836 0 0.010389 19.5379 0 0 39.1139 19.4915 30.5564
0.405 0.0716197 0 0.0121814 19.5382 0 0 39.1139 19.4919 30.5569
0.406 0.0685376 0 0.0147558 19.5385 0 0 39.1139 19.4922 30.5574
0.407 0.0649129 0 0.0180087 19.5386 0 0 39.1139 19.4924 30.5577
0.408 0.0608399 0 0.0218186 19.5388 0 0 39.1139 19.4925 30.5579
0.409 0.0564275 0 0.0260519 19.5388 0 0 39.1139 19.4926 30.5581
0.41 0.0517948 0 0.0305673 19.5389 0 0 39.1139 19.4927 30.5582
0.411 0.0470661 0 0.0352214 19.5389 0 0 39.1139 19.4927 30.5583
0.412 0.0423663 0 0.0398732 19.5389 0 0 39.1139 19.4928 30.5583
0.413 0.037817 0 0.0443886 19.539 0 0 39.1139 19.4928 30.5583
0.414 0.0335315 0 0.0486452 19.539 0 0 39.1139 19.4928 30.5584
0.415 0.0296121 0 0.0525347 19.539 0 0 39.1139 19.4928 30.5584
0.416 0.0261463 0 0.0559666 19.539 0 0 39.1139 19.4928 30.5584
0.417 0.0232046 0 0.0588698 19.539 0 0 39.1139 19.4928 30.5585
0.418 0.0208389 0 0.0611939 19.539 0 0 39.1139 19.4929 30.5585
0.419 0.0190811 0 0.0629094 19.5391 0 0 39.1139 19.4929 30.5585
0.42 0.0179429 0 0.064008 19.5391 0 0 39.1139 19.4929 30.5586
0.421 0.0174165 0 0.0645011 19.5391 0 0 39.1139 19.4929 30.5586
0.422 0.0174748 0 0.0644182 19.5391 0 0 39.1139 19.4929 30.5586
0.423 0.0180736 0 0.0638049 19.5391 0 0 39.1139 19.4929 30.5586
0.424 0.0191535 0 0.0627205 19.5391 0 0 39.1139 19.4929 30.5586
0.425 0.0206422 0 0.0612344 19.5391 0 0 39.1139 19.4929 30.5586
0.426 0.0224575 0 0.0594237 19.5391 0 0 39.1139 19.4929 30.5586
0.427 0.0245101 0 0.0573696 19.5391 0 0 39.1139 19.4929 30.5586
0.428 0.0267068 0 0.0551545 19.5391 0 0 39.1139 19.4929 30.5586
0.429 0.0289537 0 0.0528586 19.5392 0 0 39.1139 19.493 30.5586
0.43 0.031159 0 0.0505576 19.5392 0 0 39.1139 19.493 30.5587
0.431 0.0332361 0 0.04832 19.5393 0 0 39.1139 19.4931 30.5588
0.432 0.0351057 0 0.0462051 19.5395 0 0 39.1139 19.4932 30.559
0.433 0.0366987 0 0.0442614 19.5396 0 0 39.1139 19.4933 30.5592
0.434 0.0379576 0 0.0425256 19.5399 0 0 39.1139 19.4935 30.5595
0.435 0.0388379 0 0.0410218 19.5402 0 0 39.1139 19.4938 30.56
0.436 0.039309 0 0.0397615 19.5407 0 0 39.1139 19.4942 30.5606
0.437 0.0393548 0 0.0387441 19.5412 0 0 39.1139 19.4947 30.5613
0.438 0.0389737 0 0.0379573 19.5418 0 0 39.1139 19.4952 30.5622
0.439 0.0381778 0 0.0373788 19.5425 0 0 39.1139 19.4959 30.5632
0.44 0.0369919 0 0.0369773 19.5433 0 0 39.1139 19.4967 30.5644
0.441 0.0354528 0 0.0367147 19.5442 0 0 39.1139 19.4975 30.5658
0.442 0.0336069 0 0.0365477 19.5453 0 0 39.1139 19.4985 30.5673
0.443 0.0315085 0 0.0364302 19.5464 0 0 39.1139 19.4996 30.569
0.444 0.029218 0 0.036315 19.5476 0 0 39.1139 19.5008 30.5709
0.445 0.0267992 0 0.0361561 19.5489 0 0 39.1139 19.502 30.5729
0.446 0.0243174 0 0.0359101 19.5503 0 0 39.1139 19.5034 30.575
0.447 0.0218371 0 0.0355386 19.5518 0 0 39.1139 19.5048 30.5772
0.448 0.0194197 0 0.0350089 19.5532 0 0 39.1139 19.5063 30.5795
0.449 0.0171221 0 0.0342956 19.5548 0 0 39.1139 19.5078 30.5818
0.45 0.0149944 0 0.0333811 19.5563 0 0 39.1139 19.5093 30.5842
0.451 0.0130793 0 0.0322564 19.5578 0 0 39.1139 19.5108 30.5866
0.452 0.0114104 0 0.0309207 19.5593 0 0 39.1139 19.5123 30.589
0.453 0.010012 0 0.0293818 19.5608 0 0 39.1139 19.5138 30.5913
0.454 0.00889845 0 0.0276554 19.5622 0 0 39.1139 19.5152 30.5935
0.455 0.00807447 0 0.0257639 19.5635 0 0 39.1139 19.5166 30.5957
0.456 0.00753536 0 0.0237363 19.5648 0 0 39.1139 19.5179 30.5977
0.457 0.00726769 0 0.021606 19.5659 0 0 39.1139 19.5191 30.5996
0.458 0.00725025 0 0.0194103 19.567 0 0 39.1139 19.5202 30.6014
0.459 0.00745521 0 0.0171887 19.568 0 0 39.1139 19.5213 30.603
0.46 0.0078494 0 0.0149814 19.5689 0 0 39.1139 19.5222 30.6045
0.461 0.00839578 0 0.0128281 19.5697 0 0 39.1139 19.523 30.6058
0.462 0.00905488 0 0.0107666 19.5704 0 0 39.1139 19.5238 30.6069
0.463 0.00978631 0 0.00883166 19.5709 0 0 39.1139 19.5244 30.6079
0.464 0.0105502 0 0.00705408 19.5714 0 0 39.1139 19.5249 30.6087
0.465 0.0113084 0 0.00545956 19.5718 0 0 39.1139 19.5253 30.6094
0.466 0.012026 0 0.00406831 19.5721 0 0 39.1139 19.5257 30.61
0.467 0.0126718 0 0.00289448 19.5724 0 0 39.1139 19.526 30.6104
0.468 0.0132197 0 0.00194598 19.5726 0 0 39.1139 19.5262 30.6107
0.469 0.0136489 0 0.00122448 19.5727 0 0 39.1139 19.5263 30.611
0.47 0.0139446 0 0.000725534 19.5728 0 0 39.1139 19.5265 30.6111
0.471 0.0140978 0 0.000439022 19.5729 0 0 39.1139 19.5265 30.6113
0.472 0.0141054 0 0.00034965 19.5729 0 0 39.1139 19.5266 30.6113
0.473 0.01397 0 0.000437643 19.5729 0 0 39.1139 19.5266 30.6114
0.474 0.0136994 0 0.000679531 19.5729 0 0 39.1139 19.5266 30.6114
0.475 0.0133059 0 0.00104902 19.5729 0 0 39.1139 19.5266 30.6114
0.476 0.0128059 0 0.00151794 19.573 0 0 39.1139 19.5266 30.6114
0.477 0.0122185 0 0.00205713 19.573 0 0 39.1139 19.5267 30.6115
0.478 0.0115651 0 0.00263743 19.573 0 0 39.1139 19.5267 30.6115
0.479 0.0108682 0 0.00323055 19.5731 0 0 39.1139 19.5267 30.6116
0.48 0.0101509 0 0.0038099 19.5732 0 0 39.1139 19.5268 30.6117
0.481 0.0094354 0 0.00435131 19.5733 0 0 39.1139 19.5269 30.6118
0.482 0.00874279 0 0.0048337 19.5734 0 0 39.1139 19.527 30.612
0.483 0.00809199 0 0.00523954 19.5735 0 0 39.1139 19.5271 30.6122
0.484 0.00749933 0 0.00555524 19.5736 0 0 39.1139 19.5272 30.6124
0.485 0.00697799 0 0.00577141 19.5738 0 0 39.1139 19.5274 30.6126
0.486 0.00653772 0 0.00588288 19.574 0 0 39.1139 19.5276 30.6129
0.487 0.00618467 0 0.0058887 19.5741 0 0 39.1139 19.5277 30.6131
0.488 0.0059213 0 0.00579193 19.5743 0 0 39.1139 19.5279 30.6134
0.489 0.00574653 0 0.00559929 19.5745 0 0 39.1139 19.5281 30.6137
0.49 0.00565594 0 0.00532082 19.5747 0 0 39.1139 19.5283 30.614
0.491 0.00564212 0 0.00496928 19.5749 0 0 39.1139 19.5285 30.6143
0.492 0.00569509 0 0.00455964 19.575 0 0 39.1139 19.5286 30.6146
0.493 0.00580282 0 0.00410841 19.5752 0 0 39.1139 19.5288 30.6148
0.494 0.00595178 0 0.003633 19.5754 0 0 39.1139 19.529 30.6151
0.495 0.00612756 0 0.00315106 19.5755 0 0 39.1139 19.5291 30.6153
0.496 0.0063154 0 0.00267988 19.5757 0 0 39.1139 19.5293 30.6156
0.497 0.00650083 0 0.00223576 19.5758 0 0 39.1139 19.5294 30.6158
0.498 0.00667015 0 0.0018335 19.5759 0 0 39.1139 19.5295 30.616
0.499 0.00681096 0 0.00148594 19.576 0 0 39.1139 19.5296 30.6161
0.5 0.00691254 0 0.00120362 19.5761 0 0 39.1139 19.5297 30.6163
0.501 0.00696619 0 0.00099448 19.5762 0 0 39.1139 19.5298 30.6164
0.502 0.00696546 0 0.00086373 19.5762 0 0 39.1139 19.5299 30.6165
0.503 0.00690632 0 0.000813765 19.5763 0 0 39.1139 19.5299 30.6166
0.504 0.00678714 0 0.000844219 19.5763 0 0 39.1139 19.53 30.6167
0.505 0.00660874 0 0.000952099 19.5764 0 0 39.1139 19.53 30.6167
0.506 0.00637419 0 0.001132 19.5764 0 0 39.1139 19.53 30.6168
0.507 0.00608862 0 0.0013764 19.5764 0 0 39.1139 19.5301 30.6168
0.508 0.00575897 0 0.00167601 19.5764 0 0 39.1139 19.5301 30.6168
0.509 0.00539366 0 0.00202019 19.5764 0 0 39.1139 19.5301 30.6169
0.51 0.00500222 0 0.00239732 19.5764 0 0 39.1139 19.5301 30.6169
0.511 0.00459493 0 0.0027953 19.5764 0 0 39.1139 19.5301 30.6169
0.512 0.00418239 0 0.00320191 19.5764 0 0 39.1139 19.5301 30.6169
0.513 0.00377518 0 0.00360528 19.5764 0 0 39.1139 19.5301 30.6169
0.514 0.00338349 0 0.00399423 19.5764 0 0 39.1139 19.5301 30.6169
0.515 0.00301673 0 0.0043586 19.5764 0 0 39.1139 19.5301 30.6169
0.516 0.00268332 0 0.00468955 19.5764 0 0 39.1139 19.5301 30.6169
0.517 0.00239035 0 0.00497976 19.5764 0 0 39.1139 19.5301 30.6169
0.518 0.00214346 0 0.0052236 19.5764 0 0 39.1139 19.5301 30.6169
0.519 0.00194666 0 0.00541719 19.5764 0 0 39.1139 19.5301 30.6169
0.52 0.00180227 0 0.00555847 19.5764 0 0 39.1139 19.5301 30.6169
0.521 0.00171088 0 0.00564709 19.5764 0 0 39.1139 19.5301 30.6169
0.522 0.00167143 0 0.00568439 19.5764 0 0 39.1139 19.5301 30.6169
0.523 0.00168125 0 0.00567319 19.5764 0 0 39.1139 19.5301 30.6169
0.524 0.00173625 0 0.00561763 19.5764 0 0 39.1139 19.5301 30.6169
0.525 0.00183106 0 0.00552292 19.5764 0 0 39.1139 19.5301 30.6169
0.526 0.00195927 0 0.0053951 19.5764 0 0 39.1139 19.5301 30.6169
0.527 0.00211367 0 0.0052408 19.5764 0 0 39.1139 19.5301 30.6169
0.528 0.00228649 0 0.00506691 19.5765 0 0 39.1139 19.5301 30.6169
0.529 0.00246972 0 0.00488037 19.5765 0 0 39.1139 19.5301 30.6169
0.53 0.0026553 0 0.00468788 19.5765 0 0 39.1139 19.5301 30.6169
0.531 0.00283544 0 0.0044957 19.5765 0 0 39.1139 19.5301 30.6169
0.532 0.00300283 0 0.00430944 19.5765 0 0 39.1139 19.5301 30.6169
0.533 0.00315089 0 0.0041339 19.5765 0 0 39.1139 19.5302 30.6169
0.534 0.00327389 0 0.00397293 19.5765 0 0 39.1139 19.5302 30.617
0.535 0.00336719 0 0.00382936 19.5765 0 0 39.1139 19.5302 30.617
0.536 0.00342728 0 0.00370498 19.5766 0 0 39.1139 19.5302 30.6171
0.537 0.00345186 0 0.0036005 19.5766 0 0 39.1139 19.5303 30.6171
0.538 0.00343989 0 0.00351562 19.5767 0 0 39.1139 19.5303 30.6172
0.539 0.00339158 0 0.00344909 19.5767 0 0 39.1139 19.5304 30.6173
0.54 0.00330829 0 0.00339884 19.5768 0 0 39.1139 19.5304 30.6174
0.541 0.00319247 0 0.0033621 19.5769 0 0 39.1139 19.5305 30.6175
0.542 0.00304754 0 0.00333555 19.577 0 0 39.1139 19.5306 30.6176
0.543 0.00287771 0 0.00331552 19.5771 0 0 39.1139 19.5307 30.6178
0.544 0.00268782 0 0.00329811 19.5772 0 0 39.1139 19.5308 30.6179
0.545 0.00248319 0 0.0032794 19.5773 0 0 39.1139 19.5309 30.6181
0.546 0.00226934 0 0.00325562 19.5774 0 0 39.1139 19.531 30.6183
0.547 0.0020519 0 0.00322328 19.5775 0 0 39.1139 19.5311 30.6185
0.548 0.00183633 0 0.00317931 19.5777 0 0 39.1139 19.5313 30.6187
0.549 0.00162781 0 0.00312118 19.5778 0 0 39.1139 19.5314 30.6189
0.55 0.00143106 0 0.00304697 19.5779 0 0 39.1139 19.5315 30.6191
0.551 0.00125021 0 0.00295545 19.5781 0 0 39.1139 19.5317 30.6193
0.552 0.00108868 0 0.0028461 19.5782 0 0 39.1139 19.5318 30.6195
0.553 0.000949114 0 0.0027191 19.5783 0 0 39.1139 19.5319 30.6197
0.554 0.000833356 0 0.00257533 19.5785 0 0 39.1139 19.5321 30.6199
0.555 0.000742392 0 0.00241632 19.5786 0 0 39.1139 19.5322 30.6201
0.556 0.000676386 0 0.00224414 19.5787 0 0 39.1139 19.5323 30.6203
0.557 0.000634716 0 0.00206137 19.5788 0 0 39.1139 19.5324 30.6205
0.558 0.000616038 0 0.00187096 19.5789 0 0 39.1139 19.5325 30.6207
0.559 0.000618372 0 0.00167613 19.579 0 0 39.1139 19.5326 30.6208
0.56 0.000639204 0 0.00148026 19.5791 0 0 39.1139 19.5327 30.621
0.561 0.000675601 0 0.00128675 19.5792 0 0 39.1139 19.5328 30.6211
0.562 0.000724335 0 0.00109895 19.5792 0 0 39.1139 19.5329 30.6212
0.563 0.000782007 0 0.000920012 19.5793 0 0 39.1139 19.5329 30.6213
0.564 0.000845174 0 0.000752809 19.5793 0 0 39.1139 19.533 30.6214
0.565 0.000910465 0 0.000599853 19.5794 0 0 39.1139 19.533 30.6215
0.566 0.000974692 0 0.000463229 19.5794 0 0 39.1139 19.5331 30.6215
0.567 0.00103495 0 0.000344535 19.5794 0 0 39.1139 19.5331 30.6216
0.568 0.00108869 0 0.000244856 19.5795 0 0 39.1139 19.5331 30.6216
0.569 0.0011338 0 0.000164745 19.5795 0 0 39.1139 19.5331 30.6216
0.57 0.00116862 0 0.000104226 19.5795 0 0 39.1139 19.5332 30.6217
0.571 0.00119201 0 6.28097e-05 19.5795 0 0 39.1139 19.5332 30.6217
0.572 0.00120333 0 3.95302e-05 19.5795 0 0 39.1139 19.5332 30.6217
0.573 0.00120243 0 3.29918e-05 19.5795 0 0 39.1139 19.5332 30.6217
0.574 0.00118963 0 4.14281e-05 19.5795 0 0 39.1139 19.5332 30.6217
0.575 0.00116569 0 6.27704e-05 19.5795 0 0 39.1139 19.5332 30.6217
0.576 0.00113172 0 9.47233e-05 19.5795 0 0 39.1139 19.5332 30.6217
0.577 0.00108918 0 0.000134844 19.5795 0 0 39.1139 19.5332 30.6217
0.578 0.00103972 0 0.000180623 19.5795 0 0 39.1139 19.5332 30.6217
0.579 0.000985172 0 0.000229564 19.5795 0 0 39.1139 19.5332 30.6217
0.58 0.00092746 0 0.000279259 19.5795 0 0 39.1139 19.5332 30.6217
0.581 0.0008685 0 0.00032746 19.5795 0 0 39.1139 19.5332 30.6217
0.582 0.000810147 0 0.00037214 19.5795 0 0 39.1139 19.5332 30.6217
0.583 0.000754125 0 0.000411544 19.5796 0 0 39.1139 19.5332 30.6217
0.584 0.000701967 0 0.000444236 19.5796 0 0 39.1139 19.5332 30.6218
0.585 0.000654972 0 0.000469121 19.5796 0 0 39.1139 19.5332 30.6218
0.586 0.000614165 0 0.000485467 19.5796 0 0 39.1139 19.5332 30.6218
0.587 0.000580276 0 0.00049291 19.5796 0 0 39.1139 19.5333 30.6218
0.588 0.000553726 0 0.000491443 19.5796 0 0 39.1139 19.5333 30.6218
0.589 0.00053463 0 0.000481398 19.5796 0 0 39.1139 19.5333 30.6219
0.59 0.000522807 0 0.000463419 19.5796 0 0 39.1139 19.5333 30.6219
0.591 0.000517802 0 0.000438421 19.5797 0 0 39.1139 19.5333 30.6219
0.592 0.000518921 0 0.000407542 19.5797 0 0 39.1139 19.5333 30.6219
0.593 0.000525265 0 0.000372098 19.5797 0 0 39.1139 19.5333 30.6219
0.594 0.000535778 0 0.00033352 19.5797 0 0 39.1139 19.5334 30.622
0.595 0.000549293 0 0.000293305 19.5797 0 0 39.1139 19.5334 30.622
0.596 0.000564583 0 0.000252953 19.5797 0 0 39.1139 19.5334 30.622
0.597 0.000580412 0 0.00021392 19.5797 0 0 39.1139 19.5334 30.622
0.598 0.000595577 0 0.000177566 19.5797 0 0 39.1139 19.5334 30.622
0.599 0.00060896 0 0.000145109 19.5798 0 0 39.1139 19.5334 30.6221
0.6 0.000619558 0 0.000117593 19.5798 0 0 39.1139 19.5334 30.6221
